"","ID","suit_hist","crops"
"1",1,0,"sorghum (med. altitude)"
"2",2,0,"sorghum (med. altitude)"
"3",3,0,"sorghum (med. altitude)"
"4",4,0,"sorghum (med. altitude)"
"5",5,0.0967741906642914,"sorghum (med. altitude)"
"6",6,0,"sorghum (med. altitude)"
"7",7,0.354838699102402,"sorghum (med. altitude)"
"8",8,0,"sorghum (med. altitude)"
"9",9,0,"sorghum (med. altitude)"
"10",10,0,"sorghum (med. altitude)"
"11",11,0,"sorghum (med. altitude)"
"12",12,0,"sorghum (med. altitude)"
"13",13,0,"sorghum (med. altitude)"
"14",14,0,"sorghum (med. altitude)"
"15",15,0,"sorghum (med. altitude)"
"16",16,0,"sorghum (med. altitude)"
"17",17,0,"sorghum (med. altitude)"
"18",18,0,"sorghum (med. altitude)"
"19",19,0,"sorghum (med. altitude)"
"20",20,0,"sorghum (med. altitude)"
"21",21,0,"sorghum (med. altitude)"
"22",22,0.483870953321457,"sorghum (med. altitude)"
"23",23,0,"sorghum (med. altitude)"
"24",24,0,"sorghum (med. altitude)"
"25",25,0,"sorghum (med. altitude)"
"26",26,0,"sorghum (med. altitude)"
"27",27,0,"sorghum (med. altitude)"
"28",28,0,"sorghum (med. altitude)"
"29",29,0,"sorghum (med. altitude)"
"30",30,0,"sorghum (med. altitude)"
"31",31,0,"sorghum (med. altitude)"
"32",32,0.483870953321457,"sorghum (med. altitude)"
"33",33,0,"sorghum (med. altitude)"
"34",34,0,"sorghum (med. altitude)"
"35",35,0,"sorghum (med. altitude)"
"36",36,0,"sorghum (med. altitude)"
"37",37,0,"sorghum (med. altitude)"
"38",38,0.645161271095276,"sorghum (med. altitude)"
"39",39,0,"sorghum (med. altitude)"
"40",40,0,"sorghum (med. altitude)"
"41",41,0,"sorghum (med. altitude)"
"42",42,0,"sorghum (med. altitude)"
"43",43,0.161290317773819,"sorghum (med. altitude)"
"44",44,0,"sorghum (med. altitude)"
"45",45,0,"sorghum (med. altitude)"
"46",46,0,"sorghum (med. altitude)"
"47",47,0,"sorghum (med. altitude)"
"48",48,0,"sorghum (med. altitude)"
"49",49,0.25806450843811,"sorghum (med. altitude)"
"50",50,0,"sorghum (med. altitude)"
"51",51,0,"sorghum (med. altitude)"
"52",52,0,"sorghum (med. altitude)"
"53",53,0,"sorghum (med. altitude)"
"54",54,0,"sorghum (med. altitude)"
"55",55,0,"sorghum (med. altitude)"
"56",56,0,"sorghum (med. altitude)"
"57",57,0,"sorghum (med. altitude)"
"58",58,0,"sorghum (med. altitude)"
"59",59,0,"sorghum (med. altitude)"
"60",60,0,"sorghum (med. altitude)"
"61",61,0,"sorghum (med. altitude)"
"62",62,0,"sorghum (med. altitude)"
"63",63,0,"sorghum (med. altitude)"
"64",64,0,"sorghum (med. altitude)"
"65",65,0,"sorghum (med. altitude)"
"66",66,0.354838699102402,"sorghum (med. altitude)"
"67",67,0,"sorghum (med. altitude)"
"68",68,0,"sorghum (med. altitude)"
"69",69,0,"sorghum (med. altitude)"
"70",70,0,"sorghum (med. altitude)"
"71",71,0,"sorghum (med. altitude)"
"72",72,0,"sorghum (med. altitude)"
"73",73,0,"sorghum (med. altitude)"
"74",74,0,"sorghum (med. altitude)"
"75",75,0,"sorghum (med. altitude)"
"76",76,0,"sorghum (med. altitude)"
"77",77,0,"sorghum (med. altitude)"
"78",78,0.483870953321457,"sorghum (med. altitude)"
"79",79,0,"sorghum (med. altitude)"
"80",80,0,"sorghum (med. altitude)"
"81",81,0,"sorghum (med. altitude)"
"82",82,0,"sorghum (med. altitude)"
"83",83,0,"sorghum (med. altitude)"
"84",84,0.677419364452362,"sorghum (med. altitude)"
"85",85,0,"sorghum (med. altitude)"
"86",86,0,"sorghum (med. altitude)"
"87",87,0,"sorghum (med. altitude)"
"88",88,0,"sorghum (med. altitude)"
"89",89,0,"sorghum (med. altitude)"
"90",90,0.548387110233307,"sorghum (med. altitude)"
"91",91,0,"sorghum (med. altitude)"
"92",92,0,"sorghum (med. altitude)"
"93",93,0,"sorghum (med. altitude)"
"94",94,0,"sorghum (med. altitude)"
"95",95,0,"sorghum (med. altitude)"
"96",96,0,"sorghum (med. altitude)"
"97",97,0,"sorghum (med. altitude)"
"98",98,0,"sorghum (med. altitude)"
"99",99,0,"sorghum (med. altitude)"
"100",100,0,"sorghum (med. altitude)"
"101",101,0,"sorghum (med. altitude)"
"102",102,0,"sorghum (med. altitude)"
"103",103,0,"sorghum (med. altitude)"
"104",104,0,"sorghum (med. altitude)"
"105",105,0,"sorghum (med. altitude)"
"106",106,0,"sorghum (med. altitude)"
"107",107,0,"sorghum (med. altitude)"
"108",108,0,"sorghum (med. altitude)"
"109",109,0.483870953321457,"sorghum (med. altitude)"
"110",110,0,"sorghum (med. altitude)"
"111",111,0,"sorghum (med. altitude)"
"112",112,0,"sorghum (med. altitude)"
"113",113,0,"sorghum (med. altitude)"
"114",114,0,"sorghum (med. altitude)"
"115",115,0,"sorghum (med. altitude)"
"116",116,0,"sorghum (med. altitude)"
"117",117,0,"sorghum (med. altitude)"
"118",118,0,"sorghum (med. altitude)"
"119",119,0,"sorghum (med. altitude)"
"120",120,0,"sorghum (med. altitude)"
"121",121,0,"sorghum (med. altitude)"
"122",122,0,"sorghum (med. altitude)"
"123",123,0,"sorghum (med. altitude)"
"124",124,0,"sorghum (med. altitude)"
"125",125,0,"sorghum (med. altitude)"
"126",126,0,"sorghum (med. altitude)"
"127",127,0,"sorghum (med. altitude)"
"128",128,0,"sorghum (med. altitude)"
"129",129,0,"sorghum (med. altitude)"
"130",130,0,"sorghum (med. altitude)"
"131",131,0,"sorghum (med. altitude)"
"132",132,0,"sorghum (med. altitude)"
"133",133,0,"sorghum (med. altitude)"
"134",134,0,"sorghum (med. altitude)"
"135",135,0,"sorghum (med. altitude)"
"136",136,0,"sorghum (med. altitude)"
"137",137,0,"sorghum (med. altitude)"
"138",138,0,"sorghum (med. altitude)"
"139",139,0,"sorghum (med. altitude)"
"140",140,0,"sorghum (med. altitude)"
"141",141,0,"sorghum (med. altitude)"
"142",142,0,"sorghum (med. altitude)"
"143",143,0,"sorghum (med. altitude)"
"144",144,0,"sorghum (med. altitude)"
"145",145,0,"sorghum (med. altitude)"
"146",146,0,"sorghum (med. altitude)"
"147",147,0,"sorghum (med. altitude)"
"148",148,0,"sorghum (med. altitude)"
"149",149,0,"sorghum (med. altitude)"
"150",150,0,"sorghum (med. altitude)"
"151",151,0,"sorghum (med. altitude)"
"152",152,0,"sorghum (med. altitude)"
"153",153,0,"sorghum (med. altitude)"
"154",154,0,"sorghum (med. altitude)"
"155",155,0.354838699102402,"sorghum (med. altitude)"
"156",156,0,"sorghum (med. altitude)"
"157",157,0,"sorghum (med. altitude)"
"158",158,0.586142838001251,"sorghum (med. altitude)"
"159",159,0,"sorghum (med. altitude)"
"160",160,0,"sorghum (med. altitude)"
"161",161,0,"sorghum (med. altitude)"
"162",162,0,"sorghum (med. altitude)"
"163",163,0,"sorghum (med. altitude)"
"164",164,0,"sorghum (med. altitude)"
"165",165,0,"sorghum (med. altitude)"
"166",166,0,"sorghum (med. altitude)"
"167",167,0.631928563117981,"sorghum (med. altitude)"
"168",168,0,"sorghum (med. altitude)"
"169",169,0,"sorghum (med. altitude)"
"170",170,0,"sorghum (med. altitude)"
"171",171,0,"sorghum (med. altitude)"
"172",172,0,"sorghum (med. altitude)"
"173",173,0,"sorghum (med. altitude)"
"174",174,0,"sorghum (med. altitude)"
"175",175,0,"sorghum (med. altitude)"
"176",176,0,"sorghum (med. altitude)"
"177",177,0,"sorghum (med. altitude)"
"178",178,0.666428565979004,"sorghum (med. altitude)"
"179",179,0,"sorghum (med. altitude)"
"180",180,0,"sorghum (med. altitude)"
"181",181,0,"sorghum (med. altitude)"
"182",182,0,"sorghum (med. altitude)"
"183",183,0,"sorghum (med. altitude)"
"184",184,0,"sorghum (med. altitude)"
"185",185,0,"sorghum (med. altitude)"
"186",186,0,"sorghum (med. altitude)"
"187",187,0,"sorghum (med. altitude)"
"188",188,0,"sorghum (med. altitude)"
"189",189,0,"sorghum (med. altitude)"
"190",190,0,"sorghum (med. altitude)"
"191",191,0,"sorghum (med. altitude)"
"192",192,0,"sorghum (med. altitude)"
"193",193,0,"sorghum (med. altitude)"
"194",194,0,"sorghum (med. altitude)"
"195",195,0,"sorghum (med. altitude)"
"196",196,0,"sorghum (med. altitude)"
"197",197,0,"sorghum (med. altitude)"
"198",198,0,"sorghum (med. altitude)"
"199",199,0,"sorghum (med. altitude)"
"200",200,0,"sorghum (med. altitude)"
"201",201,0,"sorghum (med. altitude)"
"202",202,0,"sorghum (med. altitude)"
"203",203,0,"sorghum (med. altitude)"
"204",204,0,"sorghum (med. altitude)"
"205",205,0,"sorghum (med. altitude)"
"206",206,0,"sorghum (med. altitude)"
"207",207,0,"sorghum (med. altitude)"
"208",208,0,"sorghum (med. altitude)"
"209",209,0,"sorghum (med. altitude)"
"210",210,0,"sorghum (med. altitude)"
"211",211,0.736642837524414,"sorghum (med. altitude)"
"212",212,0.650142788887024,"sorghum (med. altitude)"
"213",213,0.569392800331116,"sorghum (med. altitude)"
"214",214,0.0322580635547638,"sorghum (med. altitude)"
"215",215,0,"sorghum (med. altitude)"
"216",216,0,"sorghum (med. altitude)"
"217",217,0,"sorghum (med. altitude)"
"218",218,0,"sorghum (med. altitude)"
"219",219,0,"sorghum (med. altitude)"
"220",220,0,"sorghum (med. altitude)"
"221",221,0,"sorghum (med. altitude)"
"222",222,0,"sorghum (med. altitude)"
"223",223,0,"sorghum (med. altitude)"
"224",224,0,"sorghum (med. altitude)"
"225",225,0,"sorghum (med. altitude)"
"226",226,0,"sorghum (med. altitude)"
"227",227,0,"sorghum (med. altitude)"
"228",228,0,"sorghum (med. altitude)"
"229",229,0.74193549156189,"sorghum (med. altitude)"
"230",230,0.741142809391022,"sorghum (med. altitude)"
"231",231,0.74193549156189,"sorghum (med. altitude)"
"232",232,0,"sorghum (med. altitude)"
"233",233,0,"sorghum (med. altitude)"
"234",234,0,"sorghum (med. altitude)"
"235",235,0,"sorghum (med. altitude)"
"236",236,0,"sorghum (med. altitude)"
"237",237,0,"sorghum (med. altitude)"
"238",238,0,"sorghum (med. altitude)"
"239",239,0,"sorghum (med. altitude)"
"240",240,0.783714294433594,"sorghum (med. altitude)"
"241",241,0.161290317773819,"sorghum (med. altitude)"
"242",242,0.0322580635547638,"sorghum (med. altitude)"
"243",243,0,"sorghum (med. altitude)"
"244",244,0,"sorghum (med. altitude)"
"245",245,0,"sorghum (med. altitude)"
"246",246,0,"sorghum (med. altitude)"
"247",247,0,"sorghum (med. altitude)"
"248",248,0,"sorghum (med. altitude)"
"249",249,0,"sorghum (med. altitude)"
"250",250,0,"sorghum (med. altitude)"
"251",251,0.453071445226669,"sorghum (med. altitude)"
"252",252,0.743428647518158,"sorghum (med. altitude)"
"253",253,0.0967741906642914,"sorghum (med. altitude)"
"254",254,0,"sorghum (med. altitude)"
"255",255,0,"sorghum (med. altitude)"
"256",256,0,"sorghum (med. altitude)"
"257",257,0,"sorghum (med. altitude)"
"258",258,0,"sorghum (med. altitude)"
"259",259,0,"sorghum (med. altitude)"
"260",260,0,"sorghum (med. altitude)"
"261",261,0,"sorghum (med. altitude)"
"262",262,0,"sorghum (med. altitude)"
"263",263,0,"sorghum (med. altitude)"
"264",264,0.686571419239044,"sorghum (med. altitude)"
"265",265,0.535428583621979,"sorghum (med. altitude)"
"266",266,0.435607135295868,"sorghum (med. altitude)"
"267",267,0.677419364452362,"sorghum (med. altitude)"
"268",268,0.25806450843811,"sorghum (med. altitude)"
"269",269,0,"sorghum (med. altitude)"
"270",270,0,"sorghum (med. altitude)"
"271",271,0,"sorghum (med. altitude)"
"272",272,0,"sorghum (med. altitude)"
"273",273,0,"sorghum (med. altitude)"
"274",274,0,"sorghum (med. altitude)"
"275",275,0,"sorghum (med. altitude)"
"276",276,0,"sorghum (med. altitude)"
"277",277,0,"sorghum (med. altitude)"
"278",278,0,"sorghum (med. altitude)"
"279",279,0.74193549156189,"sorghum (med. altitude)"
"280",280,0.666928589344025,"sorghum (med. altitude)"
"281",281,0.693428575992584,"sorghum (med. altitude)"
"282",282,0.612903237342834,"sorghum (med. altitude)"
"283",283,0.354838699102402,"sorghum (med. altitude)"
"284",284,0,"sorghum (med. altitude)"
"285",285,0,"sorghum (med. altitude)"
"286",286,0,"sorghum (med. altitude)"
"287",287,0,"sorghum (med. altitude)"
"288",288,0,"sorghum (med. altitude)"
"289",289,0.739071428775787,"sorghum (med. altitude)"
"290",290,0.622749984264374,"sorghum (med. altitude)"
"291",291,0.721714317798615,"sorghum (med. altitude)"
"292",292,0.516129016876221,"sorghum (med. altitude)"
"293",293,0,"sorghum (med. altitude)"
"294",294,0,"sorghum (med. altitude)"
"295",295,0,"sorghum (med. altitude)"
"296",296,0,"sorghum (med. altitude)"
"297",297,0,"sorghum (med. altitude)"
"298",298,0,"sorghum (med. altitude)"
"299",299,0,"sorghum (med. altitude)"
"300",300,0,"sorghum (med. altitude)"
"301",301,0,"sorghum (med. altitude)"
"302",302,0.659607112407684,"sorghum (med. altitude)"
"303",303,0.43771430850029,"sorghum (med. altitude)"
"304",304,0.465250015258789,"sorghum (med. altitude)"
"305",305,0.58685714006424,"sorghum (med. altitude)"
"306",306,0.645161271095276,"sorghum (med. altitude)"
"307",307,0,"sorghum (med. altitude)"
"308",308,0,"sorghum (med. altitude)"
"309",309,0,"sorghum (med. altitude)"
"310",310,0,"sorghum (med. altitude)"
"311",311,0,"sorghum (med. altitude)"
"312",312,0,"sorghum (med. altitude)"
"313",313,0,"sorghum (med. altitude)"
"314",314,0,"sorghum (med. altitude)"
"315",315,0.595464289188385,"sorghum (med. altitude)"
"316",316,0.459142833948135,"sorghum (med. altitude)"
"317",317,0.505857110023499,"sorghum (med. altitude)"
"318",318,0.513214230537415,"sorghum (med. altitude)"
"319",319,0.296357154846191,"sorghum (med. altitude)"
"320",320,0.206071451306343,"sorghum (med. altitude)"
"321",321,0.221571415662766,"sorghum (med. altitude)"
"322",322,0.764857172966003,"sorghum (med. altitude)"
"323",323,0,"sorghum (med. altitude)"
"324",324,0,"sorghum (med. altitude)"
"325",325,0,"sorghum (med. altitude)"
"326",326,0,"sorghum (med. altitude)"
"327",327,0,"sorghum (med. altitude)"
"328",328,0,"sorghum (med. altitude)"
"329",329,0,"sorghum (med. altitude)"
"330",330,0,"sorghum (med. altitude)"
"331",331,0.394285708665848,"sorghum (med. altitude)"
"332",332,0.505714297294617,"sorghum (med. altitude)"
"333",333,0.558142840862274,"sorghum (med. altitude)"
"334",334,0.534071445465088,"sorghum (med. altitude)"
"335",335,0.512249946594238,"sorghum (med. altitude)"
"336",336,0.452964246273041,"sorghum (med. altitude)"
"337",337,0.37478569149971,"sorghum (med. altitude)"
"338",338,0.293571412563324,"sorghum (med. altitude)"
"339",339,0.208428591489792,"sorghum (med. altitude)"
"340",340,0.075928583741188,"sorghum (med. altitude)"
"341",341,0.578857123851776,"sorghum (med. altitude)"
"342",342,0.370821446180344,"sorghum (med. altitude)"
"343",343,0.2478928565979,"sorghum (med. altitude)"
"344",344,0,"sorghum (med. altitude)"
"345",345,0,"sorghum (med. altitude)"
"346",346,0,"sorghum (med. altitude)"
"347",347,0,"sorghum (med. altitude)"
"348",348,0,"sorghum (med. altitude)"
"349",349,0,"sorghum (med. altitude)"
"350",350,0,"sorghum (med. altitude)"
"351",351,0,"sorghum (med. altitude)"
"352",352,0,"sorghum (med. altitude)"
"353",353,0,"sorghum (med. altitude)"
"354",354,0,"sorghum (med. altitude)"
"355",355,0.23042856156826,"sorghum (med. altitude)"
"356",356,0.466214329004288,"sorghum (med. altitude)"
"357",357,0.539607107639313,"sorghum (med. altitude)"
"358",358,0.530749976634979,"sorghum (med. altitude)"
"359",359,0.504857182502747,"sorghum (med. altitude)"
"360",360,0.498571395874023,"sorghum (med. altitude)"
"361",361,0.419354826211929,"sorghum (med. altitude)"
"362",362,0.217250004410744,"sorghum (med. altitude)"
"363",363,0.150821417570114,"sorghum (med. altitude)"
"364",364,0.186071425676346,"sorghum (med. altitude)"
"365",365,0.58642852306366,"sorghum (med. altitude)"
"366",366,0.363071441650391,"sorghum (med. altitude)"
"367",367,0.299285680055618,"sorghum (med. altitude)"
"368",368,0.33771425485611,"sorghum (med. altitude)"
"369",369,0,"sorghum (med. altitude)"
"370",370,0,"sorghum (med. altitude)"
"371",371,0,"sorghum (med. altitude)"
"372",372,0,"sorghum (med. altitude)"
"373",373,0,"sorghum (med. altitude)"
"374",374,0,"sorghum (med. altitude)"
"375",375,0,"sorghum (med. altitude)"
"376",376,0,"sorghum (med. altitude)"
"377",377,0,"sorghum (med. altitude)"
"378",378,0,"sorghum (med. altitude)"
"379",379,0,"sorghum (med. altitude)"
"380",380,0,"sorghum (med. altitude)"
"381",381,0,"sorghum (med. altitude)"
"382",382,0,"sorghum (med. altitude)"
"383",383,0,"sorghum (med. altitude)"
"384",384,0.445785671472549,"sorghum (med. altitude)"
"385",385,0.527464330196381,"sorghum (med. altitude)"
"386",386,0.52742862701416,"sorghum (med. altitude)"
"387",387,0.516928613185883,"sorghum (med. altitude)"
"388",388,0.50471431016922,"sorghum (med. altitude)"
"389",389,0.491249978542328,"sorghum (med. altitude)"
"390",390,0.412785738706589,"sorghum (med. altitude)"
"391",391,0.301285713911057,"sorghum (med. altitude)"
"392",392,0.197428569197655,"sorghum (med. altitude)"
"393",393,0.276928603649139,"sorghum (med. altitude)"
"394",394,0.707285761833191,"sorghum (med. altitude)"
"395",395,0.425357133150101,"sorghum (med. altitude)"
"396",396,0.377999991178513,"sorghum (med. altitude)"
"397",397,0.290322571992874,"sorghum (med. altitude)"
"398",398,0.290322571992874,"sorghum (med. altitude)"
"399",399,0,"sorghum (med. altitude)"
"400",400,0,"sorghum (med. altitude)"
"401",401,0,"sorghum (med. altitude)"
"402",402,0,"sorghum (med. altitude)"
"403",403,0,"sorghum (med. altitude)"
"404",404,0,"sorghum (med. altitude)"
"405",405,0,"sorghum (med. altitude)"
"406",406,0,"sorghum (med. altitude)"
"407",407,0,"sorghum (med. altitude)"
"408",408,0,"sorghum (med. altitude)"
"409",409,0,"sorghum (med. altitude)"
"410",410,0,"sorghum (med. altitude)"
"411",411,0,"sorghum (med. altitude)"
"412",412,0,"sorghum (med. altitude)"
"413",413,0,"sorghum (med. altitude)"
"414",414,0.307535707950592,"sorghum (med. altitude)"
"415",415,0.447071492671967,"sorghum (med. altitude)"
"416",416,0.561928629875183,"sorghum (med. altitude)"
"417",417,0.55778568983078,"sorghum (med. altitude)"
"418",418,0.516285717487335,"sorghum (med. altitude)"
"419",419,0.51367861032486,"sorghum (med. altitude)"
"420",420,0.512607157230377,"sorghum (med. altitude)"
"421",421,0.452142864465714,"sorghum (med. altitude)"
"422",422,0.383714258670807,"sorghum (med. altitude)"
"423",423,0.302714288234711,"sorghum (med. altitude)"
"424",424,0.326357156038284,"sorghum (med. altitude)"
"425",425,0.767428517341614,"sorghum (med. altitude)"
"426",426,0,"sorghum (med. altitude)"
"427",427,0,"sorghum (med. altitude)"
"428",428,0,"sorghum (med. altitude)"
"429",429,0,"sorghum (med. altitude)"
"430",430,0,"sorghum (med. altitude)"
"431",431,0,"sorghum (med. altitude)"
"432",432,0,"sorghum (med. altitude)"
"433",433,0,"sorghum (med. altitude)"
"434",434,0,"sorghum (med. altitude)"
"435",435,0,"sorghum (med. altitude)"
"436",436,0,"sorghum (med. altitude)"
"437",437,0,"sorghum (med. altitude)"
"438",438,0,"sorghum (med. altitude)"
"439",439,0,"sorghum (med. altitude)"
"440",440,0,"sorghum (med. altitude)"
"441",441,0.502142906188965,"sorghum (med. altitude)"
"442",442,0.417642861604691,"sorghum (med. altitude)"
"443",443,0.415071427822113,"sorghum (med. altitude)"
"444",444,0.46450001001358,"sorghum (med. altitude)"
"445",445,0.513571441173553,"sorghum (med. altitude)"
"446",446,0.575928568840027,"sorghum (med. altitude)"
"447",447,0.574642837047577,"sorghum (med. altitude)"
"448",448,0.530928552150726,"sorghum (med. altitude)"
"449",449,0.516178607940674,"sorghum (med. altitude)"
"450",450,0.490250051021576,"sorghum (med. altitude)"
"451",451,0.479321420192719,"sorghum (med. altitude)"
"452",452,0.459607124328613,"sorghum (med. altitude)"
"453",453,0.381357133388519,"sorghum (med. altitude)"
"454",454,0.341285705566406,"sorghum (med. altitude)"
"455",455,0.677500069141388,"sorghum (med. altitude)"
"456",456,0.574571490287781,"sorghum (med. altitude)"
"457",457,0,"sorghum (med. altitude)"
"458",458,0,"sorghum (med. altitude)"
"459",459,0,"sorghum (med. altitude)"
"460",460,0,"sorghum (med. altitude)"
"461",461,0,"sorghum (med. altitude)"
"462",462,0,"sorghum (med. altitude)"
"463",463,0,"sorghum (med. altitude)"
"464",464,0,"sorghum (med. altitude)"
"465",465,0,"sorghum (med. altitude)"
"466",466,0,"sorghum (med. altitude)"
"467",467,0,"sorghum (med. altitude)"
"468",468,0,"sorghum (med. altitude)"
"469",469,0,"sorghum (med. altitude)"
"470",470,0,"sorghum (med. altitude)"
"471",471,0,"sorghum (med. altitude)"
"472",472,0,"sorghum (med. altitude)"
"473",473,0,"sorghum (med. altitude)"
"474",474,0,"sorghum (med. altitude)"
"475",475,0.727392852306366,"sorghum (med. altitude)"
"476",476,0.622357189655304,"sorghum (med. altitude)"
"477",477,0.647678554058075,"sorghum (med. altitude)"
"478",478,0.625999987125397,"sorghum (med. altitude)"
"479",479,0.624857068061829,"sorghum (med. altitude)"
"480",480,0.605571448802948,"sorghum (med. altitude)"
"481",481,0.598214268684387,"sorghum (med. altitude)"
"482",482,0.547785699367523,"sorghum (med. altitude)"
"483",483,0.517035663127899,"sorghum (med. altitude)"
"484",484,0.482107102870941,"sorghum (med. altitude)"
"485",485,0.448428630828857,"sorghum (med. altitude)"
"486",486,0.413678556680679,"sorghum (med. altitude)"
"487",487,0.409357130527496,"sorghum (med. altitude)"
"488",488,0.468928605318069,"sorghum (med. altitude)"
"489",489,0.862285733222961,"sorghum (med. altitude)"
"490",490,0.662000000476837,"sorghum (med. altitude)"
"491",491,0.791214287281036,"sorghum (med. altitude)"
"492",492,0.573071479797363,"sorghum (med. altitude)"
"493",493,0.493357121944427,"sorghum (med. altitude)"
"494",494,0,"sorghum (med. altitude)"
"495",495,0,"sorghum (med. altitude)"
"496",496,0,"sorghum (med. altitude)"
"497",497,0,"sorghum (med. altitude)"
"498",498,0,"sorghum (med. altitude)"
"499",499,0,"sorghum (med. altitude)"
"500",500,0,"sorghum (med. altitude)"
"501",501,0,"sorghum (med. altitude)"
"502",502,0,"sorghum (med. altitude)"
"503",503,0,"sorghum (med. altitude)"
"504",504,0,"sorghum (med. altitude)"
"505",505,0,"sorghum (med. altitude)"
"506",506,0,"sorghum (med. altitude)"
"507",507,0,"sorghum (med. altitude)"
"508",508,0.793178558349609,"sorghum (med. altitude)"
"509",509,0.782321393489838,"sorghum (med. altitude)"
"510",510,0.718500018119812,"sorghum (med. altitude)"
"511",511,0.710035741329193,"sorghum (med. altitude)"
"512",512,0.700428605079651,"sorghum (med. altitude)"
"513",513,0.667571425437927,"sorghum (med. altitude)"
"514",514,0.627785682678223,"sorghum (med. altitude)"
"515",515,0.591142773628235,"sorghum (med. altitude)"
"516",516,0.549071431159973,"sorghum (med. altitude)"
"517",517,0.49767854809761,"sorghum (med. altitude)"
"518",518,0.480857104063034,"sorghum (med. altitude)"
"519",519,0.442214280366898,"sorghum (med. altitude)"
"520",520,0.407642871141434,"sorghum (med. altitude)"
"521",521,0.399000018835068,"sorghum (med. altitude)"
"522",522,0.59457141160965,"sorghum (med. altitude)"
"523",523,0.887142837047577,"sorghum (med. altitude)"
"524",524,0.829999923706055,"sorghum (med. altitude)"
"525",525,0.642607092857361,"sorghum (med. altitude)"
"526",526,0.741928517818451,"sorghum (med. altitude)"
"527",527,0.580645143985748,"sorghum (med. altitude)"
"528",528,0.457571446895599,"sorghum (med. altitude)"
"529",529,0,"sorghum (med. altitude)"
"530",530,0,"sorghum (med. altitude)"
"531",531,0,"sorghum (med. altitude)"
"532",532,0,"sorghum (med. altitude)"
"533",533,0,"sorghum (med. altitude)"
"534",534,0,"sorghum (med. altitude)"
"535",535,0,"sorghum (med. altitude)"
"536",536,0,"sorghum (med. altitude)"
"537",537,0,"sorghum (med. altitude)"
"538",538,0,"sorghum (med. altitude)"
"539",539,0,"sorghum (med. altitude)"
"540",540,0,"sorghum (med. altitude)"
"541",541,0,"sorghum (med. altitude)"
"542",542,0,"sorghum (med. altitude)"
"543",543,0,"sorghum (med. altitude)"
"544",544,0,"sorghum (med. altitude)"
"545",545,0,"sorghum (med. altitude)"
"546",546,0,"sorghum (med. altitude)"
"547",547,0,"sorghum (med. altitude)"
"548",548,0,"sorghum (med. altitude)"
"549",549,0,"sorghum (med. altitude)"
"550",550,0.866571426391602,"sorghum (med. altitude)"
"551",551,0.854838728904724,"sorghum (med. altitude)"
"552",552,0.821785628795624,"sorghum (med. altitude)"
"553",553,0.796296298503876,"sorghum (med. altitude)"
"554",554,0.764499962329865,"sorghum (med. altitude)"
"555",555,0.748642802238464,"sorghum (med. altitude)"
"556",556,0.74193549156189,"sorghum (med. altitude)"
"557",557,0.691607117652893,"sorghum (med. altitude)"
"558",558,0.665642857551575,"sorghum (med. altitude)"
"559",559,0.593071401119232,"sorghum (med. altitude)"
"560",560,0.541928589344025,"sorghum (med. altitude)"
"561",561,0.5,"sorghum (med. altitude)"
"562",562,0.478464275598526,"sorghum (med. altitude)"
"563",563,0.438000023365021,"sorghum (med. altitude)"
"564",564,0.425571441650391,"sorghum (med. altitude)"
"565",565,0.385785728693008,"sorghum (med. altitude)"
"566",566,0.678321421146393,"sorghum (med. altitude)"
"567",567,0.897928655147552,"sorghum (med. altitude)"
"568",568,0.772785723209381,"sorghum (med. altitude)"
"569",569,0.528285682201385,"sorghum (med. altitude)"
"570",570,0.728714287281036,"sorghum (med. altitude)"
"571",571,0.451612889766693,"sorghum (med. altitude)"
"572",572,0.463714331388474,"sorghum (med. altitude)"
"573",573,0.0322580635547638,"sorghum (med. altitude)"
"574",574,0,"sorghum (med. altitude)"
"575",575,0,"sorghum (med. altitude)"
"576",576,0,"sorghum (med. altitude)"
"577",577,0,"sorghum (med. altitude)"
"578",578,0,"sorghum (med. altitude)"
"579",579,0,"sorghum (med. altitude)"
"580",580,0,"sorghum (med. altitude)"
"581",581,0,"sorghum (med. altitude)"
"582",582,0,"sorghum (med. altitude)"
"583",583,0,"sorghum (med. altitude)"
"584",584,0,"sorghum (med. altitude)"
"585",585,0,"sorghum (med. altitude)"
"586",586,0,"sorghum (med. altitude)"
"587",587,0,"sorghum (med. altitude)"
"588",588,0,"sorghum (med. altitude)"
"589",589,0,"sorghum (med. altitude)"
"590",590,0,"sorghum (med. altitude)"
"591",591,0.836571395397186,"sorghum (med. altitude)"
"592",592,0.830000042915344,"sorghum (med. altitude)"
"593",593,0.828714370727539,"sorghum (med. altitude)"
"594",594,0.804000020027161,"sorghum (med. altitude)"
"595",595,0.793650805950165,"sorghum (med. altitude)"
"596",596,0.763071477413177,"sorghum (med. altitude)"
"597",597,0.753285706043243,"sorghum (med. altitude)"
"598",598,0.741214215755463,"sorghum (med. altitude)"
"599",599,0.643107116222382,"sorghum (med. altitude)"
"600",600,0.524642825126648,"sorghum (med. altitude)"
"601",601,0.540428578853607,"sorghum (med. altitude)"
"602",602,0.51628577709198,"sorghum (med. altitude)"
"603",603,0.500214278697968,"sorghum (med. altitude)"
"604",604,0.456214368343353,"sorghum (med. altitude)"
"605",605,0.422214299440384,"sorghum (med. altitude)"
"606",606,0.363499969244003,"sorghum (med. altitude)"
"607",607,0.650892853736877,"sorghum (med. altitude)"
"608",608,0.898285746574402,"sorghum (med. altitude)"
"609",609,0.705249965190887,"sorghum (med. altitude)"
"610",610,0.583214342594147,"sorghum (med. altitude)"
"611",611,0.803357124328613,"sorghum (med. altitude)"
"612",612,0.451612889766693,"sorghum (med. altitude)"
"613",613,0.322580635547638,"sorghum (med. altitude)"
"614",614,0.387096762657166,"sorghum (med. altitude)"
"615",615,0,"sorghum (med. altitude)"
"616",616,0,"sorghum (med. altitude)"
"617",617,0,"sorghum (med. altitude)"
"618",618,0,"sorghum (med. altitude)"
"619",619,0,"sorghum (med. altitude)"
"620",620,0,"sorghum (med. altitude)"
"621",621,0,"sorghum (med. altitude)"
"622",622,0,"sorghum (med. altitude)"
"623",623,0,"sorghum (med. altitude)"
"624",624,0,"sorghum (med. altitude)"
"625",625,0,"sorghum (med. altitude)"
"626",626,0,"sorghum (med. altitude)"
"627",627,0,"sorghum (med. altitude)"
"628",628,0,"sorghum (med. altitude)"
"629",629,0,"sorghum (med. altitude)"
"630",630,0,"sorghum (med. altitude)"
"631",631,0,"sorghum (med. altitude)"
"632",632,0,"sorghum (med. altitude)"
"633",633,0,"sorghum (med. altitude)"
"634",634,0,"sorghum (med. altitude)"
"635",635,0,"sorghum (med. altitude)"
"636",636,0,"sorghum (med. altitude)"
"637",637,0,"sorghum (med. altitude)"
"638",638,0,"sorghum (med. altitude)"
"639",639,0,"sorghum (med. altitude)"
"640",640,0,"sorghum (med. altitude)"
"641",641,0,"sorghum (med. altitude)"
"642",642,0,"sorghum (med. altitude)"
"643",643,0,"sorghum (med. altitude)"
"644",644,0,"sorghum (med. altitude)"
"645",645,0,"sorghum (med. altitude)"
"646",646,0,"sorghum (med. altitude)"
"647",647,0,"sorghum (med. altitude)"
"648",648,0.840714335441589,"sorghum (med. altitude)"
"649",649,0.838571429252625,"sorghum (med. altitude)"
"650",650,0.83650004863739,"sorghum (med. altitude)"
"651",651,0.826214253902435,"sorghum (med. altitude)"
"652",652,0.805857121944427,"sorghum (med. altitude)"
"653",653,0.78121429681778,"sorghum (med. altitude)"
"654",654,0.777777791023254,"sorghum (med. altitude)"
"655",655,0.749285697937012,"sorghum (med. altitude)"
"656",656,0.719357192516327,"sorghum (med. altitude)"
"657",657,0.685999989509583,"sorghum (med. altitude)"
"658",658,0.538178503513336,"sorghum (med. altitude)"
"659",659,0.519142806529999,"sorghum (med. altitude)"
"660",660,0.516642868518829,"sorghum (med. altitude)"
"661",661,0.49228572845459,"sorghum (med. altitude)"
"662",662,0.453285753726959,"sorghum (med. altitude)"
"663",663,0.419071406126022,"sorghum (med. altitude)"
"664",664,0.34378570318222,"sorghum (med. altitude)"
"665",665,0.372749984264374,"sorghum (med. altitude)"
"666",666,0.836642861366272,"sorghum (med. altitude)"
"667",667,0.742071449756622,"sorghum (med. altitude)"
"668",668,0.592142939567566,"sorghum (med. altitude)"
"669",669,0.387096762657166,"sorghum (med. altitude)"
"670",670,0.25806450843811,"sorghum (med. altitude)"
"671",671,0.419354826211929,"sorghum (med. altitude)"
"672",672,0.693357169628143,"sorghum (med. altitude)"
"673",673,0.442714273929596,"sorghum (med. altitude)"
"674",674,0.451571464538574,"sorghum (med. altitude)"
"675",675,0.471285670995712,"sorghum (med. altitude)"
"676",676,0,"sorghum (med. altitude)"
"677",677,0,"sorghum (med. altitude)"
"678",678,0,"sorghum (med. altitude)"
"679",679,0,"sorghum (med. altitude)"
"680",680,0,"sorghum (med. altitude)"
"681",681,0,"sorghum (med. altitude)"
"682",682,0,"sorghum (med. altitude)"
"683",683,0,"sorghum (med. altitude)"
"684",684,0,"sorghum (med. altitude)"
"685",685,0,"sorghum (med. altitude)"
"686",686,0,"sorghum (med. altitude)"
"687",687,0,"sorghum (med. altitude)"
"688",688,0,"sorghum (med. altitude)"
"689",689,0,"sorghum (med. altitude)"
"690",690,0,"sorghum (med. altitude)"
"691",691,0,"sorghum (med. altitude)"
"692",692,0,"sorghum (med. altitude)"
"693",693,0,"sorghum (med. altitude)"
"694",694,0,"sorghum (med. altitude)"
"695",695,0,"sorghum (med. altitude)"
"696",696,0,"sorghum (med. altitude)"
"697",697,0,"sorghum (med. altitude)"
"698",698,0,"sorghum (med. altitude)"
"699",699,0,"sorghum (med. altitude)"
"700",700,0,"sorghum (med. altitude)"
"701",701,0,"sorghum (med. altitude)"
"702",702,0,"sorghum (med. altitude)"
"703",703,0,"sorghum (med. altitude)"
"704",704,0,"sorghum (med. altitude)"
"705",705,0,"sorghum (med. altitude)"
"706",706,0.842071413993835,"sorghum (med. altitude)"
"707",707,0.836357116699219,"sorghum (med. altitude)"
"708",708,0.827142834663391,"sorghum (med. altitude)"
"709",709,0.819285690784454,"sorghum (med. altitude)"
"710",710,0.805714309215546,"sorghum (med. altitude)"
"711",711,0.796357154846191,"sorghum (med. altitude)"
"712",712,0.764071464538574,"sorghum (med. altitude)"
"713",713,0.731785774230957,"sorghum (med. altitude)"
"714",714,0.748677253723145,"sorghum (med. altitude)"
"715",715,0.679428517818451,"sorghum (med. altitude)"
"716",716,0.567571341991425,"sorghum (med. altitude)"
"717",717,0.509678542613983,"sorghum (med. altitude)"
"718",718,0.493500024080276,"sorghum (med. altitude)"
"719",719,0.473642885684967,"sorghum (med. altitude)"
"720",720,0.448428571224213,"sorghum (med. altitude)"
"721",721,0.419642865657806,"sorghum (med. altitude)"
"722",722,0.3537857234478,"sorghum (med. altitude)"
"723",723,0.312857151031494,"sorghum (med. altitude)"
"724",724,0.704500079154968,"sorghum (med. altitude)"
"725",725,0.835071444511414,"sorghum (med. altitude)"
"726",726,0.596357226371765,"sorghum (med. altitude)"
"727",727,0.322580635547638,"sorghum (med. altitude)"
"728",728,0.434142798185349,"sorghum (med. altitude)"
"729",729,0.426357120275497,"sorghum (med. altitude)"
"730",730,0.472928583621979,"sorghum (med. altitude)"
"731",731,0.25806450843811,"sorghum (med. altitude)"
"732",732,0,"sorghum (med. altitude)"
"733",733,0,"sorghum (med. altitude)"
"734",734,0,"sorghum (med. altitude)"
"735",735,0,"sorghum (med. altitude)"
"736",736,0,"sorghum (med. altitude)"
"737",737,0,"sorghum (med. altitude)"
"738",738,0.153439149260521,"sorghum (med. altitude)"
"739",739,0,"sorghum (med. altitude)"
"740",740,0,"sorghum (med. altitude)"
"741",741,0,"sorghum (med. altitude)"
"742",742,0,"sorghum (med. altitude)"
"743",743,0,"sorghum (med. altitude)"
"744",744,0,"sorghum (med. altitude)"
"745",745,0,"sorghum (med. altitude)"
"746",746,0,"sorghum (med. altitude)"
"747",747,0,"sorghum (med. altitude)"
"748",748,0,"sorghum (med. altitude)"
"749",749,0,"sorghum (med. altitude)"
"750",750,0,"sorghum (med. altitude)"
"751",751,0,"sorghum (med. altitude)"
"752",752,0,"sorghum (med. altitude)"
"753",753,0,"sorghum (med. altitude)"
"754",754,0,"sorghum (med. altitude)"
"755",755,0,"sorghum (med. altitude)"
"756",756,0,"sorghum (med. altitude)"
"757",757,0,"sorghum (med. altitude)"
"758",758,0,"sorghum (med. altitude)"
"759",759,0,"sorghum (med. altitude)"
"760",760,0,"sorghum (med. altitude)"
"761",761,0,"sorghum (med. altitude)"
"762",762,0,"sorghum (med. altitude)"
"763",763,0,"sorghum (med. altitude)"
"764",764,0,"sorghum (med. altitude)"
"765",765,0,"sorghum (med. altitude)"
"766",766,0,"sorghum (med. altitude)"
"767",767,0,"sorghum (med. altitude)"
"768",768,0.820499956607819,"sorghum (med. altitude)"
"769",769,0.813714325428009,"sorghum (med. altitude)"
"770",770,0.816857039928436,"sorghum (med. altitude)"
"771",771,0.824714243412018,"sorghum (med. altitude)"
"772",772,0.810428619384766,"sorghum (med. altitude)"
"773",773,0.789499938488007,"sorghum (med. altitude)"
"774",774,0.771714329719543,"sorghum (med. altitude)"
"775",775,0.785785675048828,"sorghum (med. altitude)"
"776",776,0.748571395874023,"sorghum (med. altitude)"
"777",777,0.72735720872879,"sorghum (med. altitude)"
"778",778,0.645161271095276,"sorghum (med. altitude)"
"779",779,0.508642852306366,"sorghum (med. altitude)"
"780",780,0.471357196569443,"sorghum (med. altitude)"
"781",781,0.43771430850029,"sorghum (med. altitude)"
"782",782,0.4162857234478,"sorghum (med. altitude)"
"783",783,0.350428581237793,"sorghum (med. altitude)"
"784",784,0.314107149839401,"sorghum (med. altitude)"
"785",785,0.641142845153809,"sorghum (med. altitude)"
"786",786,0.752499997615814,"sorghum (med. altitude)"
"787",787,0.607999920845032,"sorghum (med. altitude)"
"788",788,0.454428523778915,"sorghum (med. altitude)"
"789",789,0.40814283490181,"sorghum (med. altitude)"
"790",790,0.40021425485611,"sorghum (med. altitude)"
"791",791,0.455214232206345,"sorghum (med. altitude)"
"792",792,0.387096762657166,"sorghum (med. altitude)"
"793",793,0.225806444883347,"sorghum (med. altitude)"
"794",794,0,"sorghum (med. altitude)"
"795",795,0,"sorghum (med. altitude)"
"796",796,0,"sorghum (med. altitude)"
"797",797,0,"sorghum (med. altitude)"
"798",798,0,"sorghum (med. altitude)"
"799",799,0,"sorghum (med. altitude)"
"800",800,0.293650805950165,"sorghum (med. altitude)"
"801",801,0.0820105820894241,"sorghum (med. altitude)"
"802",802,0,"sorghum (med. altitude)"
"803",803,0,"sorghum (med. altitude)"
"804",804,0,"sorghum (med. altitude)"
"805",805,0,"sorghum (med. altitude)"
"806",806,0,"sorghum (med. altitude)"
"807",807,0,"sorghum (med. altitude)"
"808",808,0,"sorghum (med. altitude)"
"809",809,0,"sorghum (med. altitude)"
"810",810,0,"sorghum (med. altitude)"
"811",811,0,"sorghum (med. altitude)"
"812",812,0,"sorghum (med. altitude)"
"813",813,0,"sorghum (med. altitude)"
"814",814,0,"sorghum (med. altitude)"
"815",815,0,"sorghum (med. altitude)"
"816",816,0,"sorghum (med. altitude)"
"817",817,0,"sorghum (med. altitude)"
"818",818,0,"sorghum (med. altitude)"
"819",819,0,"sorghum (med. altitude)"
"820",820,0,"sorghum (med. altitude)"
"821",821,0,"sorghum (med. altitude)"
"822",822,0,"sorghum (med. altitude)"
"823",823,0,"sorghum (med. altitude)"
"824",824,0,"sorghum (med. altitude)"
"825",825,0,"sorghum (med. altitude)"
"826",826,0.842678546905518,"sorghum (med. altitude)"
"827",827,0.833500027656555,"sorghum (med. altitude)"
"828",828,0.835428535938263,"sorghum (med. altitude)"
"829",829,0.831571459770203,"sorghum (med. altitude)"
"830",830,0.82107150554657,"sorghum (med. altitude)"
"831",831,0.795499920845032,"sorghum (med. altitude)"
"832",832,0.771928489208221,"sorghum (med. altitude)"
"833",833,0.753357231616974,"sorghum (med. altitude)"
"834",834,0.780499994754791,"sorghum (med. altitude)"
"835",835,0.754142880439758,"sorghum (med. altitude)"
"836",836,0.731214225292206,"sorghum (med. altitude)"
"837",837,0.670321464538574,"sorghum (med. altitude)"
"838",838,0.580645143985748,"sorghum (med. altitude)"
"839",839,0.515285789966583,"sorghum (med. altitude)"
"840",840,0.516607165336609,"sorghum (med. altitude)"
"841",841,0.475285738706589,"sorghum (med. altitude)"
"842",842,0.376214295625687,"sorghum (med. altitude)"
"843",843,0.324357181787491,"sorghum (med. altitude)"
"844",844,0.316535741090775,"sorghum (med. altitude)"
"845",845,0.390071451663971,"sorghum (med. altitude)"
"846",846,0.478928565979004,"sorghum (med. altitude)"
"847",847,0.554142832756042,"sorghum (med. altitude)"
"848",848,0.74193549156189,"sorghum (med. altitude)"
"849",849,0.735714256763458,"sorghum (med. altitude)"
"850",850,0.544714331626892,"sorghum (med. altitude)"
"851",851,0.332214295864105,"sorghum (med. altitude)"
"852",852,0.333285748958588,"sorghum (med. altitude)"
"853",853,0.410285741090775,"sorghum (med. altitude)"
"854",854,0.322580635547638,"sorghum (med. altitude)"
"855",855,0,"sorghum (med. altitude)"
"856",856,0,"sorghum (med. altitude)"
"857",857,0,"sorghum (med. altitude)"
"858",858,0,"sorghum (med. altitude)"
"859",859,0,"sorghum (med. altitude)"
"860",860,0,"sorghum (med. altitude)"
"861",861,0.129032254219055,"sorghum (med. altitude)"
"862",862,0.225806444883347,"sorghum (med. altitude)"
"863",863,0.161290317773819,"sorghum (med. altitude)"
"864",864,0,"sorghum (med. altitude)"
"865",865,0,"sorghum (med. altitude)"
"866",866,0,"sorghum (med. altitude)"
"867",867,0,"sorghum (med. altitude)"
"868",868,0,"sorghum (med. altitude)"
"869",869,0,"sorghum (med. altitude)"
"870",870,0,"sorghum (med. altitude)"
"871",871,0,"sorghum (med. altitude)"
"872",872,0,"sorghum (med. altitude)"
"873",873,0,"sorghum (med. altitude)"
"874",874,0,"sorghum (med. altitude)"
"875",875,0,"sorghum (med. altitude)"
"876",876,0,"sorghum (med. altitude)"
"877",877,0,"sorghum (med. altitude)"
"878",878,0,"sorghum (med. altitude)"
"879",879,0,"sorghum (med. altitude)"
"880",880,0,"sorghum (med. altitude)"
"881",881,0,"sorghum (med. altitude)"
"882",882,0,"sorghum (med. altitude)"
"883",883,0,"sorghum (med. altitude)"
"884",884,0,"sorghum (med. altitude)"
"885",885,0,"sorghum (med. altitude)"
"886",886,0.859785676002502,"sorghum (med. altitude)"
"887",887,0.857250034809113,"sorghum (med. altitude)"
"888",888,0.84203577041626,"sorghum (med. altitude)"
"889",889,0.831500053405762,"sorghum (med. altitude)"
"890",890,0.814428627490997,"sorghum (med. altitude)"
"891",891,0.783999979496002,"sorghum (med. altitude)"
"892",892,0.766642868518829,"sorghum (med. altitude)"
"893",893,0.748714327812195,"sorghum (med. altitude)"
"894",894,0.766000092029572,"sorghum (med. altitude)"
"895",895,0.736357152462006,"sorghum (med. altitude)"
"896",896,0.693121671676636,"sorghum (med. altitude)"
"897",897,0.63649994134903,"sorghum (med. altitude)"
"898",898,0.586892783641815,"sorghum (med. altitude)"
"899",899,0.504428565502167,"sorghum (med. altitude)"
"900",900,0.51149994134903,"sorghum (med. altitude)"
"901",901,0.470428615808487,"sorghum (med. altitude)"
"902",902,0.330178558826447,"sorghum (med. altitude)"
"903",903,0.297892838716507,"sorghum (med. altitude)"
"904",904,0.279785692691803,"sorghum (med. altitude)"
"905",905,0.29050001502037,"sorghum (med. altitude)"
"906",906,0.392214298248291,"sorghum (med. altitude)"
"907",907,0.570928573608398,"sorghum (med. altitude)"
"908",908,0.647928595542908,"sorghum (med. altitude)"
"909",909,0.640142858028412,"sorghum (med. altitude)"
"910",910,0.544857144355774,"sorghum (med. altitude)"
"911",911,0.350964277982712,"sorghum (med. altitude)"
"912",912,0.307285726070404,"sorghum (med. altitude)"
"913",913,0.352214276790619,"sorghum (med. altitude)"
"914",914,0.322580635547638,"sorghum (med. altitude)"
"915",915,0.129032254219055,"sorghum (med. altitude)"
"916",916,0.0322580635547638,"sorghum (med. altitude)"
"917",917,0.193548381328583,"sorghum (med. altitude)"
"918",918,0.161290317773819,"sorghum (med. altitude)"
"919",919,0.290322571992874,"sorghum (med. altitude)"
"920",920,0.161290317773819,"sorghum (med. altitude)"
"921",921,0.0645161271095276,"sorghum (med. altitude)"
"922",922,0,"sorghum (med. altitude)"
"923",923,0.193548381328583,"sorghum (med. altitude)"
"924",924,0.193548381328583,"sorghum (med. altitude)"
"925",925,0,"sorghum (med. altitude)"
"926",926,0,"sorghum (med. altitude)"
"927",927,0.129032254219055,"sorghum (med. altitude)"
"928",928,0,"sorghum (med. altitude)"
"929",929,0,"sorghum (med. altitude)"
"930",930,0,"sorghum (med. altitude)"
"931",931,0,"sorghum (med. altitude)"
"932",932,0,"sorghum (med. altitude)"
"933",933,0,"sorghum (med. altitude)"
"934",934,0,"sorghum (med. altitude)"
"935",935,0,"sorghum (med. altitude)"
"936",936,0,"sorghum (med. altitude)"
"937",937,0,"sorghum (med. altitude)"
"938",938,0,"sorghum (med. altitude)"
"939",939,0,"sorghum (med. altitude)"
"940",940,0,"sorghum (med. altitude)"
"941",941,0,"sorghum (med. altitude)"
"942",942,0,"sorghum (med. altitude)"
"943",943,0,"sorghum (med. altitude)"
"944",944,0,"sorghum (med. altitude)"
"945",945,0,"sorghum (med. altitude)"
"946",946,0.806451618671417,"sorghum (med. altitude)"
"947",947,0.806451618671417,"sorghum (med. altitude)"
"948",948,0.844821453094482,"sorghum (med. altitude)"
"949",949,0.817857205867767,"sorghum (med. altitude)"
"950",950,0.803214371204376,"sorghum (med. altitude)"
"951",951,0.798285782337189,"sorghum (med. altitude)"
"952",952,0.774193525314331,"sorghum (med. altitude)"
"953",953,0.771357119083405,"sorghum (med. altitude)"
"954",954,0.748785674571991,"sorghum (med. altitude)"
"955",955,0.741642832756042,"sorghum (med. altitude)"
"956",956,0.695767223834991,"sorghum (med. altitude)"
"957",957,0.633571445941925,"sorghum (med. altitude)"
"958",958,0.59932142496109,"sorghum (med. altitude)"
"959",959,0.664928555488586,"sorghum (med. altitude)"
"960",960,0.694928586483002,"sorghum (med. altitude)"
"961",961,0.553142845630646,"sorghum (med. altitude)"
"962",962,0.495071411132812,"sorghum (med. altitude)"
"963",963,0.322580635547638,"sorghum (med. altitude)"
"964",964,0.248428583145142,"sorghum (med. altitude)"
"965",965,0.292642861604691,"sorghum (med. altitude)"
"966",966,0.432000011205673,"sorghum (med. altitude)"
"967",967,0.554000020027161,"sorghum (med. altitude)"
"968",968,0.629032254219055,"sorghum (med. altitude)"
"969",969,0.646964192390442,"sorghum (med. altitude)"
"970",970,0.596714317798615,"sorghum (med. altitude)"
"971",971,0.611392855644226,"sorghum (med. altitude)"
"972",972,0.435714274644852,"sorghum (med. altitude)"
"973",973,0.252642840147018,"sorghum (med. altitude)"
"974",974,0.252071410417557,"sorghum (med. altitude)"
"975",975,0.308464288711548,"sorghum (med. altitude)"
"976",976,0.385428577661514,"sorghum (med. altitude)"
"977",977,0.161290317773819,"sorghum (med. altitude)"
"978",978,0,"sorghum (med. altitude)"
"979",979,0.0645161271095276,"sorghum (med. altitude)"
"980",980,0.0322580635547638,"sorghum (med. altitude)"
"981",981,0.129032254219055,"sorghum (med. altitude)"
"982",982,0.298642873764038,"sorghum (med. altitude)"
"983",983,0.191714286804199,"sorghum (med. altitude)"
"984",984,0.121107168495655,"sorghum (med. altitude)"
"985",985,0.1662857234478,"sorghum (med. altitude)"
"986",986,0.318499982357025,"sorghum (med. altitude)"
"987",987,0.447089940309525,"sorghum (med. altitude)"
"988",988,0,"sorghum (med. altitude)"
"989",989,0,"sorghum (med. altitude)"
"990",990,0,"sorghum (med. altitude)"
"991",991,0,"sorghum (med. altitude)"
"992",992,0,"sorghum (med. altitude)"
"993",993,0,"sorghum (med. altitude)"
"994",994,0,"sorghum (med. altitude)"
"995",995,0,"sorghum (med. altitude)"
"996",996,0,"sorghum (med. altitude)"
"997",997,0,"sorghum (med. altitude)"
"998",998,0,"sorghum (med. altitude)"
"999",999,0,"sorghum (med. altitude)"
"1000",1000,0,"sorghum (med. altitude)"
"1001",1001,0,"sorghum (med. altitude)"
"1002",1002,0,"sorghum (med. altitude)"
"1003",1003,0,"sorghum (med. altitude)"
"1004",1004,0,"sorghum (med. altitude)"
"1005",1005,0,"sorghum (med. altitude)"
"1006",1006,0,"sorghum (med. altitude)"
"1007",1007,0,"sorghum (med. altitude)"
"1008",1008,0,"sorghum (med. altitude)"
"1009",1009,0.74193549156189,"sorghum (med. altitude)"
"1010",1010,0.74193549156189,"sorghum (med. altitude)"
"1011",1011,0.838709652423859,"sorghum (med. altitude)"
"1012",1012,0.837000012397766,"sorghum (med. altitude)"
"1013",1013,0.826142847537994,"sorghum (med. altitude)"
"1014",1014,0.817999958992004,"sorghum (med. altitude)"
"1015",1015,0.789071500301361,"sorghum (med. altitude)"
"1016",1016,0.806451618671417,"sorghum (med. altitude)"
"1017",1017,0.846571385860443,"sorghum (med. altitude)"
"1018",1018,0.891571462154388,"sorghum (med. altitude)"
"1019",1019,0.854285776615143,"sorghum (med. altitude)"
"1020",1020,0.841071426868439,"sorghum (med. altitude)"
"1021",1021,0.858999907970428,"sorghum (med. altitude)"
"1022",1022,0.846499979496002,"sorghum (med. altitude)"
"1023",1023,0.83214282989502,"sorghum (med. altitude)"
"1024",1024,0.674428522586823,"sorghum (med. altitude)"
"1025",1025,0.468071401119232,"sorghum (med. altitude)"
"1026",1026,0.336928576231003,"sorghum (med. altitude)"
"1027",1027,0.278464287519455,"sorghum (med. altitude)"
"1028",1028,0.275785714387894,"sorghum (med. altitude)"
"1029",1029,0.321785718202591,"sorghum (med. altitude)"
"1030",1030,0.4454285800457,"sorghum (med. altitude)"
"1031",1031,0.564516127109528,"sorghum (med. altitude)"
"1032",1032,0.614392817020416,"sorghum (med. altitude)"
"1033",1033,0.580892860889435,"sorghum (med. altitude)"
"1034",1034,0.513964295387268,"sorghum (med. altitude)"
"1035",1035,0.309071451425552,"sorghum (med. altitude)"
"1036",1036,0.211214274168015,"sorghum (med. altitude)"
"1037",1037,0.238785713911057,"sorghum (med. altitude)"
"1038",1038,0.251607149839401,"sorghum (med. altitude)"
"1039",1039,0.320714265108109,"sorghum (med. altitude)"
"1040",1040,0.193548381328583,"sorghum (med. altitude)"
"1041",1041,0,"sorghum (med. altitude)"
"1042",1042,0,"sorghum (med. altitude)"
"1043",1043,0,"sorghum (med. altitude)"
"1044",1044,0,"sorghum (med. altitude)"
"1045",1045,0,"sorghum (med. altitude)"
"1046",1046,0.225806444883347,"sorghum (med. altitude)"
"1047",1047,0.193548381328583,"sorghum (med. altitude)"
"1048",1048,0,"sorghum (med. altitude)"
"1049",1049,0.0381428524851799,"sorghum (med. altitude)"
"1050",1050,0.294785708189011,"sorghum (med. altitude)"
"1051",1051,0.419354826211929,"sorghum (med. altitude)"
"1052",1052,0,"sorghum (med. altitude)"
"1053",1053,0,"sorghum (med. altitude)"
"1054",1054,0,"sorghum (med. altitude)"
"1055",1055,0,"sorghum (med. altitude)"
"1056",1056,0,"sorghum (med. altitude)"
"1057",1057,0,"sorghum (med. altitude)"
"1058",1058,0,"sorghum (med. altitude)"
"1059",1059,0,"sorghum (med. altitude)"
"1060",1060,0,"sorghum (med. altitude)"
"1061",1061,0,"sorghum (med. altitude)"
"1062",1062,0,"sorghum (med. altitude)"
"1063",1063,0,"sorghum (med. altitude)"
"1064",1064,0,"sorghum (med. altitude)"
"1065",1065,0,"sorghum (med. altitude)"
"1066",1066,0,"sorghum (med. altitude)"
"1067",1067,0,"sorghum (med. altitude)"
"1068",1068,0,"sorghum (med. altitude)"
"1069",1069,0,"sorghum (med. altitude)"
"1070",1070,0,"sorghum (med. altitude)"
"1071",1071,0.709677398204803,"sorghum (med. altitude)"
"1072",1072,0.709677398204803,"sorghum (med. altitude)"
"1073",1073,0.75806450843811,"sorghum (med. altitude)"
"1074",1074,0.849571347236633,"sorghum (med. altitude)"
"1075",1075,0.849785685539246,"sorghum (med. altitude)"
"1076",1076,0.860928535461426,"sorghum (med. altitude)"
"1077",1077,0.868642807006836,"sorghum (med. altitude)"
"1078",1078,0.876142919063568,"sorghum (med. altitude)"
"1079",1079,0.8908571600914,"sorghum (med. altitude)"
"1080",1080,0.897785723209381,"sorghum (med. altitude)"
"1081",1081,0.897142827510834,"sorghum (med. altitude)"
"1082",1082,0.889071464538574,"sorghum (med. altitude)"
"1083",1083,0.887285649776459,"sorghum (med. altitude)"
"1084",1084,0.865142822265625,"sorghum (med. altitude)"
"1085",1085,0.849500000476837,"sorghum (med. altitude)"
"1086",1086,0.693571448326111,"sorghum (med. altitude)"
"1087",1087,0.544785678386688,"sorghum (med. altitude)"
"1088",1088,0.474928587675095,"sorghum (med. altitude)"
"1089",1089,0.342178583145142,"sorghum (med. altitude)"
"1090",1090,0.307357162237167,"sorghum (med. altitude)"
"1091",1091,0.202642843127251,"sorghum (med. altitude)"
"1092",1092,0.380142837762833,"sorghum (med. altitude)"
"1093",1093,0.515107154846191,"sorghum (med. altitude)"
"1094",1094,0.545499980449677,"sorghum (med. altitude)"
"1095",1095,0.52142858505249,"sorghum (med. altitude)"
"1096",1096,0.43621426820755,"sorghum (med. altitude)"
"1097",1097,0.233571454882622,"sorghum (med. altitude)"
"1098",1098,0.161428585648537,"sorghum (med. altitude)"
"1099",1099,0.234678581357002,"sorghum (med. altitude)"
"1100",1100,0.230571433901787,"sorghum (med. altitude)"
"1101",1101,0.229500025510788,"sorghum (med. altitude)"
"1102",1102,0.33157142996788,"sorghum (med. altitude)"
"1103",1103,0.0322580635547638,"sorghum (med. altitude)"
"1104",1104,0.0322580635547638,"sorghum (med. altitude)"
"1105",1105,0,"sorghum (med. altitude)"
"1106",1106,0,"sorghum (med. altitude)"
"1107",1107,0.0645161271095276,"sorghum (med. altitude)"
"1108",1108,0.253642827272415,"sorghum (med. altitude)"
"1109",1109,0.0666071325540543,"sorghum (med. altitude)"
"1110",1110,0,"sorghum (med. altitude)"
"1111",1111,0,"sorghum (med. altitude)"
"1112",1112,0.335571438074112,"sorghum (med. altitude)"
"1113",1113,0.354838699102402,"sorghum (med. altitude)"
"1114",1114,0,"sorghum (med. altitude)"
"1115",1115,0,"sorghum (med. altitude)"
"1116",1116,0,"sorghum (med. altitude)"
"1117",1117,0,"sorghum (med. altitude)"
"1118",1118,0,"sorghum (med. altitude)"
"1119",1119,0,"sorghum (med. altitude)"
"1120",1120,0,"sorghum (med. altitude)"
"1121",1121,0,"sorghum (med. altitude)"
"1122",1122,0,"sorghum (med. altitude)"
"1123",1123,0,"sorghum (med. altitude)"
"1124",1124,0,"sorghum (med. altitude)"
"1125",1125,0,"sorghum (med. altitude)"
"1126",1126,0,"sorghum (med. altitude)"
"1127",1127,0,"sorghum (med. altitude)"
"1128",1128,0,"sorghum (med. altitude)"
"1129",1129,0,"sorghum (med. altitude)"
"1130",1130,0,"sorghum (med. altitude)"
"1131",1131,0,"sorghum (med. altitude)"
"1132",1132,0,"sorghum (med. altitude)"
"1133",1133,0.709677398204803,"sorghum (med. altitude)"
"1134",1134,0.677419364452362,"sorghum (med. altitude)"
"1135",1135,0.75806450843811,"sorghum (med. altitude)"
"1136",1136,0.860821425914764,"sorghum (med. altitude)"
"1137",1137,0.868214249610901,"sorghum (med. altitude)"
"1138",1138,0.87157142162323,"sorghum (med. altitude)"
"1139",1139,0.88314288854599,"sorghum (med. altitude)"
"1140",1140,0.906642913818359,"sorghum (med. altitude)"
"1141",1141,0.904285728931427,"sorghum (med. altitude)"
"1142",1142,0.871785700321198,"sorghum (med. altitude)"
"1143",1143,0.859285771846771,"sorghum (med. altitude)"
"1144",1144,0.83264285326004,"sorghum (med. altitude)"
"1145",1145,0.802642822265625,"sorghum (med. altitude)"
"1146",1146,0.6870356798172,"sorghum (med. altitude)"
"1147",1147,0.535785675048828,"sorghum (med. altitude)"
"1148",1148,0.433107137680054,"sorghum (med. altitude)"
"1149",1149,0.305071413516998,"sorghum (med. altitude)"
"1150",1150,0.265214294195175,"sorghum (med. altitude)"
"1151",1151,0.405928552150726,"sorghum (med. altitude)"
"1152",1152,0.479071408510208,"sorghum (med. altitude)"
"1153",1153,0.452928602695465,"sorghum (med. altitude)"
"1154",1154,0.435499995946884,"sorghum (med. altitude)"
"1155",1155,0.416571438312531,"sorghum (med. altitude)"
"1156",1156,0.256178587675095,"sorghum (med. altitude)"
"1157",1157,0.157642841339111,"sorghum (med. altitude)"
"1158",1158,0.225642845034599,"sorghum (med. altitude)"
"1159",1159,0.257642894983292,"sorghum (med. altitude)"
"1160",1160,0.145161285996437,"sorghum (med. altitude)"
"1161",1161,0.128535717725754,"sorghum (med. altitude)"
"1162",1162,0.275464296340942,"sorghum (med. altitude)"
"1163",1163,0.193548381328583,"sorghum (med. altitude)"
"1164",1164,0.193548381328583,"sorghum (med. altitude)"
"1165",1165,0.322580635547638,"sorghum (med. altitude)"
"1166",1166,0.324428558349609,"sorghum (med. altitude)"
"1167",1167,0,"sorghum (med. altitude)"
"1168",1168,0,"sorghum (med. altitude)"
"1169",1169,0.241071432828903,"sorghum (med. altitude)"
"1170",1170,0.402285724878311,"sorghum (med. altitude)"
"1171",1171,0.0967741906642914,"sorghum (med. altitude)"
"1172",1172,0,"sorghum (med. altitude)"
"1173",1173,0,"sorghum (med. altitude)"
"1174",1174,0,"sorghum (med. altitude)"
"1175",1175,0,"sorghum (med. altitude)"
"1176",1176,0,"sorghum (med. altitude)"
"1177",1177,0,"sorghum (med. altitude)"
"1178",1178,0,"sorghum (med. altitude)"
"1179",1179,0,"sorghum (med. altitude)"
"1180",1180,0,"sorghum (med. altitude)"
"1181",1181,0,"sorghum (med. altitude)"
"1182",1182,0,"sorghum (med. altitude)"
"1183",1183,0,"sorghum (med. altitude)"
"1184",1184,0,"sorghum (med. altitude)"
"1185",1185,0.790322601795197,"sorghum (med. altitude)"
"1186",1186,0.838709652423859,"sorghum (med. altitude)"
"1187",1187,0.869500041007996,"sorghum (med. altitude)"
"1188",1188,0.880857050418854,"sorghum (med. altitude)"
"1189",1189,0.892785727977753,"sorghum (med. altitude)"
"1190",1190,0.881214261054993,"sorghum (med. altitude)"
"1191",1191,0.839785695075989,"sorghum (med. altitude)"
"1192",1192,0.778071403503418,"sorghum (med. altitude)"
"1193",1193,0.638357162475586,"sorghum (med. altitude)"
"1194",1194,0.628928601741791,"sorghum (med. altitude)"
"1195",1195,0.555821418762207,"sorghum (med. altitude)"
"1196",1196,0.415571451187134,"sorghum (med. altitude)"
"1197",1197,0.307214289903641,"sorghum (med. altitude)"
"1198",1198,0.251535713672638,"sorghum (med. altitude)"
"1199",1199,0.225806444883347,"sorghum (med. altitude)"
"1200",1200,0.303142875432968,"sorghum (med. altitude)"
"1201",1201,0.395285755395889,"sorghum (med. altitude)"
"1202",1202,0.392678558826447,"sorghum (med. altitude)"
"1203",1203,0.453392922878265,"sorghum (med. altitude)"
"1204",1204,0.450071394443512,"sorghum (med. altitude)"
"1205",1205,0.363428562879562,"sorghum (med. altitude)"
"1206",1206,0.206714257597923,"sorghum (med. altitude)"
"1207",1207,0.254392832517624,"sorghum (med. altitude)"
"1208",1208,0.265035718679428,"sorghum (med. altitude)"
"1209",1209,0.144249990582466,"sorghum (med. altitude)"
"1210",1210,0.0987857058644295,"sorghum (med. altitude)"
"1211",1211,0.317321449518204,"sorghum (med. altitude)"
"1212",1212,0.364642828702927,"sorghum (med. altitude)"
"1213",1213,0.322580635547638,"sorghum (med. altitude)"
"1214",1214,0.387096762657166,"sorghum (med. altitude)"
"1215",1215,0.385321408510208,"sorghum (med. altitude)"
"1216",1216,0.204999998211861,"sorghum (med. altitude)"
"1217",1217,0.111357145011425,"sorghum (med. altitude)"
"1218",1218,0.273428529500961,"sorghum (med. altitude)"
"1219",1219,0.382571429014206,"sorghum (med. altitude)"
"1220",1220,0.470071375370026,"sorghum (med. altitude)"
"1221",1221,0,"sorghum (med. altitude)"
"1222",1222,0,"sorghum (med. altitude)"
"1223",1223,0,"sorghum (med. altitude)"
"1224",1224,0,"sorghum (med. altitude)"
"1225",1225,0,"sorghum (med. altitude)"
"1226",1226,0,"sorghum (med. altitude)"
"1227",1227,0,"sorghum (med. altitude)"
"1228",1228,0,"sorghum (med. altitude)"
"1229",1229,0,"sorghum (med. altitude)"
"1230",1230,0,"sorghum (med. altitude)"
"1231",1231,0,"sorghum (med. altitude)"
"1232",1232,0,"sorghum (med. altitude)"
"1233",1233,0,"sorghum (med. altitude)"
"1234",1234,0,"sorghum (med. altitude)"
"1235",1235,0,"sorghum (med. altitude)"
"1236",1236,0.74193549156189,"sorghum (med. altitude)"
"1237",1237,0.709677398204803,"sorghum (med. altitude)"
"1238",1238,0.74193549156189,"sorghum (med. altitude)"
"1239",1239,0.75806450843811,"sorghum (med. altitude)"
"1240",1240,0.838709652423859,"sorghum (med. altitude)"
"1241",1241,0.838928580284119,"sorghum (med. altitude)"
"1242",1242,0.865357100963593,"sorghum (med. altitude)"
"1243",1243,0.835178554058075,"sorghum (med. altitude)"
"1244",1244,0.809142768383026,"sorghum (med. altitude)"
"1245",1245,0.788071513175964,"sorghum (med. altitude)"
"1246",1246,0.777285695075989,"sorghum (med. altitude)"
"1247",1247,0.732499957084656,"sorghum (med. altitude)"
"1248",1248,0.66864287853241,"sorghum (med. altitude)"
"1249",1249,0.597000002861023,"sorghum (med. altitude)"
"1250",1250,0.560642898082733,"sorghum (med. altitude)"
"1251",1251,0.382499992847443,"sorghum (med. altitude)"
"1252",1252,0.32978567481041,"sorghum (med. altitude)"
"1253",1253,0.259785681962967,"sorghum (med. altitude)"
"1254",1254,0.159107133746147,"sorghum (med. altitude)"
"1255",1255,0.160071447491646,"sorghum (med. altitude)"
"1256",1256,0.260500013828278,"sorghum (med. altitude)"
"1257",1257,0.355214267969131,"sorghum (med. altitude)"
"1258",1258,0.441107124090195,"sorghum (med. altitude)"
"1259",1259,0.46707147359848,"sorghum (med. altitude)"
"1260",1260,0.438821405172348,"sorghum (med. altitude)"
"1261",1261,0.283464252948761,"sorghum (med. altitude)"
"1262",1262,0.283178567886353,"sorghum (med. altitude)"
"1263",1263,0.261392831802368,"sorghum (med. altitude)"
"1264",1264,0.175928562879562,"sorghum (med. altitude)"
"1265",1265,0,"sorghum (med. altitude)"
"1266",1266,0.359499990940094,"sorghum (med. altitude)"
"1267",1267,0.290322571992874,"sorghum (med. altitude)"
"1268",1268,0.25806450843811,"sorghum (med. altitude)"
"1269",1269,0.422285705804825,"sorghum (med. altitude)"
"1270",1270,0.376392871141434,"sorghum (med. altitude)"
"1271",1271,0.404892861843109,"sorghum (med. altitude)"
"1272",1272,0.437142908573151,"sorghum (med. altitude)"
"1273",1273,0.481071472167969,"sorghum (med. altitude)"
"1274",1274,0.193548381328583,"sorghum (med. altitude)"
"1275",1275,0,"sorghum (med. altitude)"
"1276",1276,0,"sorghum (med. altitude)"
"1277",1277,0,"sorghum (med. altitude)"
"1278",1278,0,"sorghum (med. altitude)"
"1279",1279,0,"sorghum (med. altitude)"
"1280",1280,0,"sorghum (med. altitude)"
"1281",1281,0,"sorghum (med. altitude)"
"1282",1282,0,"sorghum (med. altitude)"
"1283",1283,0,"sorghum (med. altitude)"
"1284",1284,0,"sorghum (med. altitude)"
"1285",1285,0,"sorghum (med. altitude)"
"1286",1286,0,"sorghum (med. altitude)"
"1287",1287,0,"sorghum (med. altitude)"
"1288",1288,0,"sorghum (med. altitude)"
"1289",1289,0,"sorghum (med. altitude)"
"1290",1290,0.832214295864105,"sorghum (med. altitude)"
"1291",1291,0.806451618671417,"sorghum (med. altitude)"
"1292",1292,0.838709652423859,"sorghum (med. altitude)"
"1293",1293,0.774193525314331,"sorghum (med. altitude)"
"1294",1294,0.838709652423859,"sorghum (med. altitude)"
"1295",1295,0.845321476459503,"sorghum (med. altitude)"
"1296",1296,0.847964286804199,"sorghum (med. altitude)"
"1297",1297,0.83175003528595,"sorghum (med. altitude)"
"1298",1298,0.775964260101318,"sorghum (med. altitude)"
"1299",1299,0.756857097148895,"sorghum (med. altitude)"
"1300",1300,0.731714248657227,"sorghum (med. altitude)"
"1301",1301,0.731285750865936,"sorghum (med. altitude)"
"1302",1302,0.691571354866028,"sorghum (med. altitude)"
"1303",1303,0.666785717010498,"sorghum (med. altitude)"
"1304",1304,0.624000012874603,"sorghum (med. altitude)"
"1305",1305,0.39274999499321,"sorghum (med. altitude)"
"1306",1306,0.359249979257584,"sorghum (med. altitude)"
"1307",1307,0.290322571992874,"sorghum (med. altitude)"
"1308",1308,0.197035685181618,"sorghum (med. altitude)"
"1309",1309,0.139214307069778,"sorghum (med. altitude)"
"1310",1310,0.137392863631248,"sorghum (med. altitude)"
"1311",1311,0.273857116699219,"sorghum (med. altitude)"
"1312",1312,0.397571414709091,"sorghum (med. altitude)"
"1313",1313,0.451612889766693,"sorghum (med. altitude)"
"1314",1314,0.387096762657166,"sorghum (med. altitude)"
"1315",1315,0.321357160806656,"sorghum (med. altitude)"
"1316",1316,0.268571436405182,"sorghum (med. altitude)"
"1317",1317,0.184285745024681,"sorghum (med. altitude)"
"1318",1318,0.0969642922282219,"sorghum (med. altitude)"
"1319",1319,0.229214295744896,"sorghum (med. altitude)"
"1320",1320,0.410535752773285,"sorghum (med. altitude)"
"1321",1321,0.193548381328583,"sorghum (med. altitude)"
"1322",1322,0.193548381328583,"sorghum (med. altitude)"
"1323",1323,0.354838699102402,"sorghum (med. altitude)"
"1324",1324,0.451612889766693,"sorghum (med. altitude)"
"1325",1325,0.354838699102402,"sorghum (med. altitude)"
"1326",1326,0.161290317773819,"sorghum (med. altitude)"
"1327",1327,0.0967741906642914,"sorghum (med. altitude)"
"1328",1328,0,"sorghum (med. altitude)"
"1329",1329,0,"sorghum (med. altitude)"
"1330",1330,0,"sorghum (med. altitude)"
"1331",1331,0,"sorghum (med. altitude)"
"1332",1332,0,"sorghum (med. altitude)"
"1333",1333,0,"sorghum (med. altitude)"
"1334",1334,0,"sorghum (med. altitude)"
"1335",1335,0,"sorghum (med. altitude)"
"1336",1336,0,"sorghum (med. altitude)"
"1337",1337,0,"sorghum (med. altitude)"
"1338",1338,0,"sorghum (med. altitude)"
"1339",1339,0,"sorghum (med. altitude)"
"1340",1340,0,"sorghum (med. altitude)"
"1341",1341,0,"sorghum (med. altitude)"
"1342",1342,0,"sorghum (med. altitude)"
"1343",1343,0,"sorghum (med. altitude)"
"1344",1344,0.842214226722717,"sorghum (med. altitude)"
"1345",1345,0.813357055187225,"sorghum (med. altitude)"
"1346",1346,0.850392818450928,"sorghum (med. altitude)"
"1347",1347,0.837928593158722,"sorghum (med. altitude)"
"1348",1348,0.84799998998642,"sorghum (med. altitude)"
"1349",1349,0.81592857837677,"sorghum (med. altitude)"
"1350",1350,0.785785675048828,"sorghum (med. altitude)"
"1351",1351,0.748285710811615,"sorghum (med. altitude)"
"1352",1352,0.735357165336609,"sorghum (med. altitude)"
"1353",1353,0.653428614139557,"sorghum (med. altitude)"
"1354",1354,0.616071403026581,"sorghum (med. altitude)"
"1355",1355,0.642285764217377,"sorghum (med. altitude)"
"1356",1356,0.644107162952423,"sorghum (med. altitude)"
"1357",1357,0.604571461677551,"sorghum (med. altitude)"
"1358",1358,0.553571403026581,"sorghum (med. altitude)"
"1359",1359,0.491428524255753,"sorghum (med. altitude)"
"1360",1360,0.402821391820908,"sorghum (med. altitude)"
"1361",1361,0.374571412801743,"sorghum (med. altitude)"
"1362",1362,0.322580635547638,"sorghum (med. altitude)"
"1363",1363,0.241935476660728,"sorghum (med. altitude)"
"1364",1364,0.193548381328583,"sorghum (med. altitude)"
"1365",1365,0.148785725235939,"sorghum (med. altitude)"
"1366",1366,0.209678575396538,"sorghum (med. altitude)"
"1367",1367,0.334428578615189,"sorghum (med. altitude)"
"1368",1368,0.322580635547638,"sorghum (med. altitude)"
"1369",1369,0.290322571992874,"sorghum (med. altitude)"
"1370",1370,0.225806444883347,"sorghum (med. altitude)"
"1371",1371,0.193548381328583,"sorghum (med. altitude)"
"1372",1372,0.241571426391602,"sorghum (med. altitude)"
"1373",1373,0.217785701155663,"sorghum (med. altitude)"
"1374",1374,0.157964304089546,"sorghum (med. altitude)"
"1375",1375,0.0418571755290031,"sorghum (med. altitude)"
"1376",1376,0.212821409106255,"sorghum (med. altitude)"
"1377",1377,0.424678564071655,"sorghum (med. altitude)"
"1378",1378,0.290322571992874,"sorghum (med. altitude)"
"1379",1379,0.129032254219055,"sorghum (med. altitude)"
"1380",1380,0.161290317773819,"sorghum (med. altitude)"
"1381",1381,0,"sorghum (med. altitude)"
"1382",1382,0,"sorghum (med. altitude)"
"1383",1383,0,"sorghum (med. altitude)"
"1384",1384,0,"sorghum (med. altitude)"
"1385",1385,0,"sorghum (med. altitude)"
"1386",1386,0,"sorghum (med. altitude)"
"1387",1387,0,"sorghum (med. altitude)"
"1388",1388,0,"sorghum (med. altitude)"
"1389",1389,0,"sorghum (med. altitude)"
"1390",1390,0,"sorghum (med. altitude)"
"1391",1391,0,"sorghum (med. altitude)"
"1392",1392,0,"sorghum (med. altitude)"
"1393",1393,0,"sorghum (med. altitude)"
"1394",1394,0,"sorghum (med. altitude)"
"1395",1395,0,"sorghum (med. altitude)"
"1396",1396,0,"sorghum (med. altitude)"
"1397",1397,0,"sorghum (med. altitude)"
"1398",1398,0,"sorghum (med. altitude)"
"1399",1399,0,"sorghum (med. altitude)"
"1400",1400,0,"sorghum (med. altitude)"
"1401",1401,0,"sorghum (med. altitude)"
"1402",1402,0,"sorghum (med. altitude)"
"1403",1403,0,"sorghum (med. altitude)"
"1404",1404,0.861321449279785,"sorghum (med. altitude)"
"1405",1405,0.74193549156189,"sorghum (med. altitude)"
"1406",1406,0.761785805225372,"sorghum (med. altitude)"
"1407",1407,0.834714353084564,"sorghum (med. altitude)"
"1408",1408,0.803857147693634,"sorghum (med. altitude)"
"1409",1409,0.792999923229218,"sorghum (med. altitude)"
"1410",1410,0.790322601795197,"sorghum (med. altitude)"
"1411",1411,0.764357149600983,"sorghum (med. altitude)"
"1412",1412,0.74193549156189,"sorghum (med. altitude)"
"1413",1413,0.702714264392853,"sorghum (med. altitude)"
"1414",1414,0.591499984264374,"sorghum (med. altitude)"
"1415",1415,0.579785764217377,"sorghum (med. altitude)"
"1416",1416,0.607357144355774,"sorghum (med. altitude)"
"1417",1417,0.625607132911682,"sorghum (med. altitude)"
"1418",1418,0.58950001001358,"sorghum (med. altitude)"
"1419",1419,0.565607130527496,"sorghum (med. altitude)"
"1420",1420,0.502071380615234,"sorghum (med. altitude)"
"1421",1421,0.386500030755997,"sorghum (med. altitude)"
"1422",1422,0.35682138800621,"sorghum (med. altitude)"
"1423",1423,0.307035714387894,"sorghum (med. altitude)"
"1424",1424,0.223642826080322,"sorghum (med. altitude)"
"1425",1425,0.191714286804199,"sorghum (med. altitude)"
"1426",1426,0.161290317773819,"sorghum (med. altitude)"
"1427",1427,0.20710714161396,"sorghum (med. altitude)"
"1428",1428,0.314071446657181,"sorghum (med. altitude)"
"1429",1429,0.255428582429886,"sorghum (med. altitude)"
"1430",1430,0.291785717010498,"sorghum (med. altitude)"
"1431",1431,0.0645161271095276,"sorghum (med. altitude)"
"1432",1432,0.286571443080902,"sorghum (med. altitude)"
"1433",1433,0.243071421980858,"sorghum (med. altitude)"
"1434",1434,0.143785685300827,"sorghum (med. altitude)"
"1435",1435,0,"sorghum (med. altitude)"
"1436",1436,0.427999973297119,"sorghum (med. altitude)"
"1437",1437,0.45714282989502,"sorghum (med. altitude)"
"1438",1438,0.129032254219055,"sorghum (med. altitude)"
"1439",1439,0,"sorghum (med. altitude)"
"1440",1440,0,"sorghum (med. altitude)"
"1441",1441,0,"sorghum (med. altitude)"
"1442",1442,0,"sorghum (med. altitude)"
"1443",1443,0,"sorghum (med. altitude)"
"1444",1444,0,"sorghum (med. altitude)"
"1445",1445,0,"sorghum (med. altitude)"
"1446",1446,0,"sorghum (med. altitude)"
"1447",1447,0,"sorghum (med. altitude)"
"1448",1448,0,"sorghum (med. altitude)"
"1449",1449,0,"sorghum (med. altitude)"
"1450",1450,0,"sorghum (med. altitude)"
"1451",1451,0,"sorghum (med. altitude)"
"1452",1452,0,"sorghum (med. altitude)"
"1453",1453,0,"sorghum (med. altitude)"
"1454",1454,0,"sorghum (med. altitude)"
"1455",1455,0,"sorghum (med. altitude)"
"1456",1456,0,"sorghum (med. altitude)"
"1457",1457,0,"sorghum (med. altitude)"
"1458",1458,0,"sorghum (med. altitude)"
"1459",1459,0,"sorghum (med. altitude)"
"1460",1460,0,"sorghum (med. altitude)"
"1461",1461,0.865071415901184,"sorghum (med. altitude)"
"1462",1462,0.825857162475586,"sorghum (med. altitude)"
"1463",1463,0.81978565454483,"sorghum (med. altitude)"
"1464",1464,0.790322601795197,"sorghum (med. altitude)"
"1465",1465,0.804928481578827,"sorghum (med. altitude)"
"1466",1466,0.805785715579987,"sorghum (med. altitude)"
"1467",1467,0.793499946594238,"sorghum (med. altitude)"
"1468",1468,0.754428565502167,"sorghum (med. altitude)"
"1469",1469,0.731785774230957,"sorghum (med. altitude)"
"1470",1470,0.659999966621399,"sorghum (med. altitude)"
"1471",1471,0.604928553104401,"sorghum (med. altitude)"
"1472",1472,0.596928596496582,"sorghum (med. altitude)"
"1473",1473,0.596928596496582,"sorghum (med. altitude)"
"1474",1474,0.635500013828278,"sorghum (med. altitude)"
"1475",1475,0.601035714149475,"sorghum (med. altitude)"
"1476",1476,0.566107153892517,"sorghum (med. altitude)"
"1477",1477,0.514428555965424,"sorghum (med. altitude)"
"1478",1478,0.443607151508331,"sorghum (med. altitude)"
"1479",1479,0.366464287042618,"sorghum (med. altitude)"
"1480",1480,0.223999977111816,"sorghum (med. altitude)"
"1481",1481,0.195928573608398,"sorghum (med. altitude)"
"1482",1482,0.145642831921577,"sorghum (med. altitude)"
"1483",1483,0.225806444883347,"sorghum (med. altitude)"
"1484",1484,0.306451618671417,"sorghum (med. altitude)"
"1485",1485,0.145161285996437,"sorghum (med. altitude)"
"1486",1486,0,"sorghum (med. altitude)"
"1487",1487,0.0967741906642914,"sorghum (med. altitude)"
"1488",1488,0.258571416139603,"sorghum (med. altitude)"
"1489",1489,0.189999982714653,"sorghum (med. altitude)"
"1490",1490,0.121714316308498,"sorghum (med. altitude)"
"1491",1491,0.249642848968506,"sorghum (med. altitude)"
"1492",1492,0.402357161045074,"sorghum (med. altitude)"
"1493",1493,0.425925940275192,"sorghum (med. altitude)"
"1494",1494,0.0967741906642914,"sorghum (med. altitude)"
"1495",1495,0,"sorghum (med. altitude)"
"1496",1496,0,"sorghum (med. altitude)"
"1497",1497,0,"sorghum (med. altitude)"
"1498",1498,0,"sorghum (med. altitude)"
"1499",1499,0,"sorghum (med. altitude)"
"1500",1500,0,"sorghum (med. altitude)"
"1501",1501,0,"sorghum (med. altitude)"
"1502",1502,0,"sorghum (med. altitude)"
"1503",1503,0,"sorghum (med. altitude)"
"1504",1504,0,"sorghum (med. altitude)"
"1505",1505,0,"sorghum (med. altitude)"
"1506",1506,0,"sorghum (med. altitude)"
"1507",1507,0,"sorghum (med. altitude)"
"1508",1508,0,"sorghum (med. altitude)"
"1509",1509,0,"sorghum (med. altitude)"
"1510",1510,0,"sorghum (med. altitude)"
"1511",1511,0,"sorghum (med. altitude)"
"1512",1512,0,"sorghum (med. altitude)"
"1513",1513,0,"sorghum (med. altitude)"
"1514",1514,0,"sorghum (med. altitude)"
"1515",1515,0,"sorghum (med. altitude)"
"1516",1516,0,"sorghum (med. altitude)"
"1517",1517,0.870178580284119,"sorghum (med. altitude)"
"1518",1518,0.86771434545517,"sorghum (med. altitude)"
"1519",1519,0.841928601264954,"sorghum (med. altitude)"
"1520",1520,0.812142789363861,"sorghum (med. altitude)"
"1521",1521,0.820928573608398,"sorghum (med. altitude)"
"1522",1522,0.808499991893768,"sorghum (med. altitude)"
"1523",1523,0.785357177257538,"sorghum (med. altitude)"
"1524",1524,0.763071477413177,"sorghum (med. altitude)"
"1525",1525,0.70635712146759,"sorghum (med. altitude)"
"1526",1526,0.65621429681778,"sorghum (med. altitude)"
"1527",1527,0.611714243888855,"sorghum (med. altitude)"
"1528",1528,0.568714261054993,"sorghum (med. altitude)"
"1529",1529,0.622357070446014,"sorghum (med. altitude)"
"1530",1530,0.635999977588654,"sorghum (med. altitude)"
"1531",1531,0.616000056266785,"sorghum (med. altitude)"
"1532",1532,0.577928602695465,"sorghum (med. altitude)"
"1533",1533,0.527642846107483,"sorghum (med. altitude)"
"1534",1534,0.479785710573196,"sorghum (med. altitude)"
"1535",1535,0.442785739898682,"sorghum (med. altitude)"
"1536",1536,0.415607154369354,"sorghum (med. altitude)"
"1537",1537,0.383071452379227,"sorghum (med. altitude)"
"1538",1538,0.301107138395309,"sorghum (med. altitude)"
"1539",1539,0.263714283704758,"sorghum (med. altitude)"
"1540",1540,0.195250004529953,"sorghum (med. altitude)"
"1541",1541,0.21085712313652,"sorghum (med. altitude)"
"1542",1542,0.322580635547638,"sorghum (med. altitude)"
"1543",1543,0,"sorghum (med. altitude)"
"1544",1544,0,"sorghum (med. altitude)"
"1545",1545,0.0645161271095276,"sorghum (med. altitude)"
"1546",1546,0.298571407794952,"sorghum (med. altitude)"
"1547",1547,0.232285708189011,"sorghum (med. altitude)"
"1548",1548,0.251428604125977,"sorghum (med. altitude)"
"1549",1549,0.339857161045074,"sorghum (med. altitude)"
"1550",1550,0.431928634643555,"sorghum (med. altitude)"
"1551",1551,0.428571432828903,"sorghum (med. altitude)"
"1552",1552,0.129032254219055,"sorghum (med. altitude)"
"1553",1553,0.0322580635547638,"sorghum (med. altitude)"
"1554",1554,0,"sorghum (med. altitude)"
"1555",1555,0,"sorghum (med. altitude)"
"1556",1556,0,"sorghum (med. altitude)"
"1557",1557,0,"sorghum (med. altitude)"
"1558",1558,0,"sorghum (med. altitude)"
"1559",1559,0,"sorghum (med. altitude)"
"1560",1560,0,"sorghum (med. altitude)"
"1561",1561,0,"sorghum (med. altitude)"
"1562",1562,0,"sorghum (med. altitude)"
"1563",1563,0,"sorghum (med. altitude)"
"1564",1564,0,"sorghum (med. altitude)"
"1565",1565,0,"sorghum (med. altitude)"
"1566",1566,0,"sorghum (med. altitude)"
"1567",1567,0,"sorghum (med. altitude)"
"1568",1568,0,"sorghum (med. altitude)"
"1569",1569,0,"sorghum (med. altitude)"
"1570",1570,0,"sorghum (med. altitude)"
"1571",1571,0,"sorghum (med. altitude)"
"1572",1572,0,"sorghum (med. altitude)"
"1573",1573,0,"sorghum (med. altitude)"
"1574",1574,0,"sorghum (med. altitude)"
"1575",1575,0.865964233875275,"sorghum (med. altitude)"
"1576",1576,0.854750037193298,"sorghum (med. altitude)"
"1577",1577,0.840071380138397,"sorghum (med. altitude)"
"1578",1578,0.824571490287781,"sorghum (med. altitude)"
"1579",1579,0.781571388244629,"sorghum (med. altitude)"
"1580",1580,0.759357154369354,"sorghum (med. altitude)"
"1581",1581,0.765071451663971,"sorghum (med. altitude)"
"1582",1582,0.684857070446014,"sorghum (med. altitude)"
"1583",1583,0.65235710144043,"sorghum (med. altitude)"
"1584",1584,0.606535792350769,"sorghum (med. altitude)"
"1585",1585,0.58557140827179,"sorghum (med. altitude)"
"1586",1586,0.608892858028412,"sorghum (med. altitude)"
"1587",1587,0.620999932289124,"sorghum (med. altitude)"
"1588",1588,0.612071394920349,"sorghum (med. altitude)"
"1589",1589,0.593464255332947,"sorghum (med. altitude)"
"1590",1590,0.571678578853607,"sorghum (med. altitude)"
"1591",1591,0.549607157707214,"sorghum (med. altitude)"
"1592",1592,0.503821432590485,"sorghum (med. altitude)"
"1593",1593,0.474357128143311,"sorghum (med. altitude)"
"1594",1594,0.448678553104401,"sorghum (med. altitude)"
"1595",1595,0.407785713672638,"sorghum (med. altitude)"
"1596",1596,0.380857139825821,"sorghum (med. altitude)"
"1597",1597,0.257321417331696,"sorghum (med. altitude)"
"1598",1598,0.213785722851753,"sorghum (med. altitude)"
"1599",1599,0.0645161271095276,"sorghum (med. altitude)"
"1600",1600,0.0645161271095276,"sorghum (med. altitude)"
"1601",1601,0.350214272737503,"sorghum (med. altitude)"
"1602",1602,0.25660714507103,"sorghum (med. altitude)"
"1603",1603,0.301928579807281,"sorghum (med. altitude)"
"1604",1604,0.431216925382614,"sorghum (med. altitude)"
"1605",1605,0.496714323759079,"sorghum (med. altitude)"
"1606",1606,0.354838699102402,"sorghum (med. altitude)"
"1607",1607,0.161290317773819,"sorghum (med. altitude)"
"1608",1608,0.0645161271095276,"sorghum (med. altitude)"
"1609",1609,0,"sorghum (med. altitude)"
"1610",1610,0,"sorghum (med. altitude)"
"1611",1611,0,"sorghum (med. altitude)"
"1612",1612,0,"sorghum (med. altitude)"
"1613",1613,0,"sorghum (med. altitude)"
"1614",1614,0,"sorghum (med. altitude)"
"1615",1615,0,"sorghum (med. altitude)"
"1616",1616,0,"sorghum (med. altitude)"
"1617",1617,0,"sorghum (med. altitude)"
"1618",1618,0,"sorghum (med. altitude)"
"1619",1619,0,"sorghum (med. altitude)"
"1620",1620,0,"sorghum (med. altitude)"
"1621",1621,0,"sorghum (med. altitude)"
"1622",1622,0,"sorghum (med. altitude)"
"1623",1623,0,"sorghum (med. altitude)"
"1624",1624,0,"sorghum (med. altitude)"
"1625",1625,0,"sorghum (med. altitude)"
"1626",1626,0,"sorghum (med. altitude)"
"1627",1627,0,"sorghum (med. altitude)"
"1628",1628,0,"sorghum (med. altitude)"
"1629",1629,0.866321444511414,"sorghum (med. altitude)"
"1630",1630,0.864857137203217,"sorghum (med. altitude)"
"1631",1631,0.849857211112976,"sorghum (med. altitude)"
"1632",1632,0.802357137203217,"sorghum (med. altitude)"
"1633",1633,0.770428538322449,"sorghum (med. altitude)"
"1634",1634,0.774193525314331,"sorghum (med. altitude)"
"1635",1635,0.752642929553986,"sorghum (med. altitude)"
"1636",1636,0.671357154846191,"sorghum (med. altitude)"
"1637",1637,0.645214378833771,"sorghum (med. altitude)"
"1638",1638,0.619178593158722,"sorghum (med. altitude)"
"1639",1639,0.63353568315506,"sorghum (med. altitude)"
"1640",1640,0.644357144832611,"sorghum (med. altitude)"
"1641",1641,0.635678589344025,"sorghum (med. altitude)"
"1642",1642,0.631464302539825,"sorghum (med. altitude)"
"1643",1643,0.633678555488586,"sorghum (med. altitude)"
"1644",1644,0.611464321613312,"sorghum (med. altitude)"
"1645",1645,0.570857107639313,"sorghum (med. altitude)"
"1646",1646,0.525428593158722,"sorghum (med. altitude)"
"1647",1647,0.509392857551575,"sorghum (med. altitude)"
"1648",1648,0.493785709142685,"sorghum (med. altitude)"
"1649",1649,0.474107205867767,"sorghum (med. altitude)"
"1650",1650,0.451964318752289,"sorghum (med. altitude)"
"1651",1651,0.430285722017288,"sorghum (med. altitude)"
"1652",1652,0.297821432352066,"sorghum (med. altitude)"
"1653",1653,0.354838699102402,"sorghum (med. altitude)"
"1654",1654,0.25806450843811,"sorghum (med. altitude)"
"1655",1655,0.362035721540451,"sorghum (med. altitude)"
"1656",1656,0.368035733699799,"sorghum (med. altitude)"
"1657",1657,0.471857219934464,"sorghum (med. altitude)"
"1658",1658,0.473428577184677,"sorghum (med. altitude)"
"1659",1659,0.290322571992874,"sorghum (med. altitude)"
"1660",1660,0.161290317773819,"sorghum (med. altitude)"
"1661",1661,0.0645161271095276,"sorghum (med. altitude)"
"1662",1662,0,"sorghum (med. altitude)"
"1663",1663,0,"sorghum (med. altitude)"
"1664",1664,0,"sorghum (med. altitude)"
"1665",1665,0,"sorghum (med. altitude)"
"1666",1666,0,"sorghum (med. altitude)"
"1667",1667,0,"sorghum (med. altitude)"
"1668",1668,0,"sorghum (med. altitude)"
"1669",1669,0,"sorghum (med. altitude)"
"1670",1670,0,"sorghum (med. altitude)"
"1671",1671,0,"sorghum (med. altitude)"
"1672",1672,0,"sorghum (med. altitude)"
"1673",1673,0,"sorghum (med. altitude)"
"1674",1674,0,"sorghum (med. altitude)"
"1675",1675,0,"sorghum (med. altitude)"
"1676",1676,0,"sorghum (med. altitude)"
"1677",1677,0,"sorghum (med. altitude)"
"1678",1678,0,"sorghum (med. altitude)"
"1679",1679,0,"sorghum (med. altitude)"
"1680",1680,0,"sorghum (med. altitude)"
"1681",1681,0,"sorghum (med. altitude)"
"1682",1682,0,"sorghum (med. altitude)"
"1683",1683,0.85192859172821,"sorghum (med. altitude)"
"1684",1684,0.839785695075989,"sorghum (med. altitude)"
"1685",1685,0.808428645133972,"sorghum (med. altitude)"
"1686",1686,0.806071400642395,"sorghum (med. altitude)"
"1687",1687,0.770071446895599,"sorghum (med. altitude)"
"1688",1688,0.754357159137726,"sorghum (med. altitude)"
"1689",1689,0.676499962806702,"sorghum (med. altitude)"
"1690",1690,0.657000005245209,"sorghum (med. altitude)"
"1691",1691,0.663428604602814,"sorghum (med. altitude)"
"1692",1692,0.65235710144043,"sorghum (med. altitude)"
"1693",1693,0.636928558349609,"sorghum (med. altitude)"
"1694",1694,0.639249980449677,"sorghum (med. altitude)"
"1695",1695,0.657285690307617,"sorghum (med. altitude)"
"1696",1696,0.633428573608398,"sorghum (med. altitude)"
"1697",1697,0.560857176780701,"sorghum (med. altitude)"
"1698",1698,0.536107122898102,"sorghum (med. altitude)"
"1699",1699,0.543107092380524,"sorghum (med. altitude)"
"1700",1700,0.539178550243378,"sorghum (med. altitude)"
"1701",1701,0.531607151031494,"sorghum (med. altitude)"
"1702",1702,0.519071459770203,"sorghum (med. altitude)"
"1703",1703,0.512285709381104,"sorghum (med. altitude)"
"1704",1704,0.514214217662811,"sorghum (med. altitude)"
"1705",1705,0.48782142996788,"sorghum (med. altitude)"
"1706",1706,0.449892848730087,"sorghum (med. altitude)"
"1707",1707,0.425214290618896,"sorghum (med. altitude)"
"1708",1708,0.416392832994461,"sorghum (med. altitude)"
"1709",1709,0.419071435928345,"sorghum (med. altitude)"
"1710",1710,0.451612889766693,"sorghum (med. altitude)"
"1711",1711,0.322580635547638,"sorghum (med. altitude)"
"1712",1712,0.161290317773819,"sorghum (med. altitude)"
"1713",1713,0.0645161271095276,"sorghum (med. altitude)"
"1714",1714,0.0322580635547638,"sorghum (med. altitude)"
"1715",1715,0,"sorghum (med. altitude)"
"1716",1716,0,"sorghum (med. altitude)"
"1717",1717,0,"sorghum (med. altitude)"
"1718",1718,0,"sorghum (med. altitude)"
"1719",1719,0,"sorghum (med. altitude)"
"1720",1720,0,"sorghum (med. altitude)"
"1721",1721,0,"sorghum (med. altitude)"
"1722",1722,0,"sorghum (med. altitude)"
"1723",1723,0,"sorghum (med. altitude)"
"1724",1724,0,"sorghum (med. altitude)"
"1725",1725,0,"sorghum (med. altitude)"
"1726",1726,0,"sorghum (med. altitude)"
"1727",1727,0,"sorghum (med. altitude)"
"1728",1728,0,"sorghum (med. altitude)"
"1729",1729,0,"sorghum (med. altitude)"
"1730",1730,0,"sorghum (med. altitude)"
"1731",1731,0,"sorghum (med. altitude)"
"1732",1732,0,"sorghum (med. altitude)"
"1733",1733,0,"sorghum (med. altitude)"
"1734",1734,0,"sorghum (med. altitude)"
"1735",1735,0,"sorghum (med. altitude)"
"1736",1736,0,"sorghum (med. altitude)"
"1737",1737,0,"sorghum (med. altitude)"
"1738",1738,0,"sorghum (med. altitude)"
"1739",1739,0,"sorghum (med. altitude)"
"1740",1740,0,"sorghum (med. altitude)"
"1741",1741,0,"sorghum (med. altitude)"
"1742",1742,0,"sorghum (med. altitude)"
"1743",1743,0.820357203483582,"sorghum (med. altitude)"
"1744",1744,0.83564281463623,"sorghum (med. altitude)"
"1745",1745,0.814857125282288,"sorghum (med. altitude)"
"1746",1746,0.797535717487335,"sorghum (med. altitude)"
"1747",1747,0.777892768383026,"sorghum (med. altitude)"
"1748",1748,0.714357197284698,"sorghum (med. altitude)"
"1749",1749,0.703892827033997,"sorghum (med. altitude)"
"1750",1750,0.624785721302032,"sorghum (med. altitude)"
"1751",1751,0.674035668373108,"sorghum (med. altitude)"
"1752",1752,0.663892865180969,"sorghum (med. altitude)"
"1753",1753,0.553714334964752,"sorghum (med. altitude)"
"1754",1754,0.556928634643555,"sorghum (med. altitude)"
"1755",1755,0.563571453094482,"sorghum (med. altitude)"
"1756",1756,0.565357208251953,"sorghum (med. altitude)"
"1757",1757,0.566500067710876,"sorghum (med. altitude)"
"1758",1758,0.563642919063568,"sorghum (med. altitude)"
"1759",1759,0.571571469306946,"sorghum (med. altitude)"
"1760",1760,0.591000020503998,"sorghum (med. altitude)"
"1761",1761,0.516129016876221,"sorghum (med. altitude)"
"1762",1762,0.290322571992874,"sorghum (med. altitude)"
"1763",1763,0.448714286088943,"sorghum (med. altitude)"
"1764",1764,0.486999988555908,"sorghum (med. altitude)"
"1765",1765,0.419354826211929,"sorghum (med. altitude)"
"1766",1766,0.209677413105965,"sorghum (med. altitude)"
"1767",1767,0.0645161271095276,"sorghum (med. altitude)"
"1768",1768,0,"sorghum (med. altitude)"
"1769",1769,0,"sorghum (med. altitude)"
"1770",1770,0,"sorghum (med. altitude)"
"1771",1771,0,"sorghum (med. altitude)"
"1772",1772,0,"sorghum (med. altitude)"
"1773",1773,0,"sorghum (med. altitude)"
"1774",1774,0,"sorghum (med. altitude)"
"1775",1775,0,"sorghum (med. altitude)"
"1776",1776,0,"sorghum (med. altitude)"
"1777",1777,0,"sorghum (med. altitude)"
"1778",1778,0,"sorghum (med. altitude)"
"1779",1779,0,"sorghum (med. altitude)"
"1780",1780,0,"sorghum (med. altitude)"
"1781",1781,0,"sorghum (med. altitude)"
"1782",1782,0,"sorghum (med. altitude)"
"1783",1783,0,"sorghum (med. altitude)"
"1784",1784,0,"sorghum (med. altitude)"
"1785",1785,0,"sorghum (med. altitude)"
"1786",1786,0,"sorghum (med. altitude)"
"1787",1787,0,"sorghum (med. altitude)"
"1788",1788,0,"sorghum (med. altitude)"
"1789",1789,0,"sorghum (med. altitude)"
"1790",1790,0,"sorghum (med. altitude)"
"1791",1791,0,"sorghum (med. altitude)"
"1792",1792,0,"sorghum (med. altitude)"
"1793",1793,0,"sorghum (med. altitude)"
"1794",1794,0,"sorghum (med. altitude)"
"1795",1795,0,"sorghum (med. altitude)"
"1796",1796,0.778500020503998,"sorghum (med. altitude)"
"1797",1797,0.775464236736298,"sorghum (med. altitude)"
"1798",1798,0.769321441650391,"sorghum (med. altitude)"
"1799",1799,0.758214294910431,"sorghum (med. altitude)"
"1800",1800,0.649785697460175,"sorghum (med. altitude)"
"1801",1801,0.594464302062988,"sorghum (med. altitude)"
"1802",1802,0.161290317773819,"sorghum (med. altitude)"
"1803",1803,0.25806450843811,"sorghum (med. altitude)"
"1804",1804,0.451612889766693,"sorghum (med. altitude)"
"1805",1805,0.387096762657166,"sorghum (med. altitude)"
"1806",1806,0.354838699102402,"sorghum (med. altitude)"
"1807",1807,0.193548381328583,"sorghum (med. altitude)"
"1808",1808,0.0322580635547638,"sorghum (med. altitude)"
"1809",1809,0,"sorghum (med. altitude)"
"1810",1810,0,"sorghum (med. altitude)"
"1811",1811,0,"sorghum (med. altitude)"
"1812",1812,0,"sorghum (med. altitude)"
"1813",1813,0,"sorghum (med. altitude)"
"1814",1814,0,"sorghum (med. altitude)"
"1815",1815,0,"sorghum (med. altitude)"
"1816",1816,0,"sorghum (med. altitude)"
"1817",1817,0,"sorghum (med. altitude)"
"1818",1818,0,"sorghum (med. altitude)"
"1819",1819,0,"sorghum (med. altitude)"
"1820",1820,0,"sorghum (med. altitude)"
"1821",1821,0,"sorghum (med. altitude)"
"1822",1822,0,"sorghum (med. altitude)"
"1823",1823,0,"sorghum (med. altitude)"
"1824",1824,0,"sorghum (med. altitude)"
"1825",1825,0,"sorghum (med. altitude)"
"1826",1826,0,"sorghum (med. altitude)"
"1827",1827,0,"sorghum (med. altitude)"
"1828",1828,0,"sorghum (med. altitude)"
"1829",1829,0,"sorghum (med. altitude)"
"1830",1830,0,"sorghum (med. altitude)"
"1831",1831,0,"sorghum (med. altitude)"
"1832",1832,0,"sorghum (med. altitude)"
"1833",1833,0,"sorghum (med. altitude)"
"1834",1834,0,"sorghum (med. altitude)"
"1835",1835,0.71107143163681,"sorghum (med. altitude)"
"1836",1836,0.707071423530579,"sorghum (med. altitude)"
"1837",1837,0.698964297771454,"sorghum (med. altitude)"
"1838",1838,0.614321410655975,"sorghum (med. altitude)"
"1839",1839,0.677419364452362,"sorghum (med. altitude)"
"1840",1840,0.25806450843811,"sorghum (med. altitude)"
"1841",1841,0.354838699102402,"sorghum (med. altitude)"
"1842",1842,0.370967745780945,"sorghum (med. altitude)"
"1843",1843,0.467741936445236,"sorghum (med. altitude)"
"1844",1844,0.0483870953321457,"sorghum (med. altitude)"
"1845",1845,0,"sorghum (med. altitude)"
"1846",1846,0,"sorghum (med. altitude)"
"1847",1847,0,"sorghum (med. altitude)"
"1848",1848,0,"sorghum (med. altitude)"
"1849",1849,0.0161290317773819,"sorghum (med. altitude)"
"1850",1850,0,"sorghum (med. altitude)"
"1851",1851,0,"sorghum (med. altitude)"
"1852",1852,0,"sorghum (med. altitude)"
"1853",1853,0,"sorghum (med. altitude)"
"1854",1854,0,"sorghum (med. altitude)"
"1855",1855,0,"sorghum (med. altitude)"
"1856",1856,0,"sorghum (med. altitude)"
"1857",1857,0,"sorghum (med. altitude)"
"1858",1858,0,"sorghum (med. altitude)"
"1859",1859,0,"sorghum (med. altitude)"
"1860",1860,0,"sorghum (med. altitude)"
"1861",1861,0,"sorghum (med. altitude)"
"1862",1862,0,"sorghum (med. altitude)"
"1863",1863,0,"sorghum (med. altitude)"
"1864",1864,0,"sorghum (med. altitude)"
"1865",1865,0,"sorghum (med. altitude)"
"1866",1866,0,"sorghum (med. altitude)"
"1867",1867,0,"sorghum (med. altitude)"
"1868",1868,0,"sorghum (med. altitude)"
"1869",1869,0,"sorghum (med. altitude)"
"1870",1870,0,"sorghum (med. altitude)"
"1871",1871,0,"sorghum (med. altitude)"
"1872",1872,0,"sorghum (med. altitude)"
"1873",1873,0,"sorghum (med. altitude)"
"1874",1874,0,"sorghum (med. altitude)"
"1875",1875,0.0967741906642914,"sorghum (med. altitude)"
"1876",1876,0.649785697460175,"sorghum (med. altitude)"
"1877",1877,0.698000013828278,"sorghum (med. altitude)"
"1878",1878,0.403225809335709,"sorghum (med. altitude)"
"1879",1879,0.403225809335709,"sorghum (med. altitude)"
"1880",1880,0.322580635547638,"sorghum (med. altitude)"
"1881",1881,0,"sorghum (med. altitude)"
"1882",1882,0,"sorghum (med. altitude)"
"1883",1883,0,"sorghum (med. altitude)"
"1884",1884,0,"sorghum (med. altitude)"
"1885",1885,0,"sorghum (med. altitude)"
"1886",1886,0,"sorghum (med. altitude)"
"1887",1887,0,"sorghum (med. altitude)"
"1888",1888,0,"sorghum (med. altitude)"
"1889",1889,0,"sorghum (med. altitude)"
"1890",1890,0,"sorghum (med. altitude)"
"1891",1891,0,"sorghum (med. altitude)"
"1892",1892,0,"sorghum (med. altitude)"
"1893",1893,0,"sorghum (med. altitude)"
"1894",1894,0,"sorghum (med. altitude)"
"1895",1895,0,"sorghum (med. altitude)"
"1896",1896,0,"sorghum (med. altitude)"
"1897",1897,0,"sorghum (med. altitude)"
"1898",1898,0,"sorghum (med. altitude)"
"1899",1899,0,"sorghum (med. altitude)"
"1900",1900,0,"sorghum (med. altitude)"
"1901",1901,0,"sorghum (med. altitude)"
"1902",1902,0,"sorghum (med. altitude)"
"1903",1903,0,"sorghum (med. altitude)"
"1904",1904,0,"sorghum (med. altitude)"
"1905",1905,0,"sorghum (med. altitude)"
"1906",1906,0,"sorghum (med. altitude)"
"1907",1907,0,"sorghum (med. altitude)"
"1908",1908,0,"sorghum (med. altitude)"
"1909",1909,0.387096762657166,"sorghum (med. altitude)"
"1910",1910,0.354838699102402,"sorghum (med. altitude)"
"1911",1911,0,"sorghum (med. altitude)"
"1912",1912,0,"sorghum (med. altitude)"
"1913",1913,0,"sorghum (med. altitude)"
"1914",1914,0,"sorghum (med. altitude)"
"1915",1915,0.322580635547638,"sorghum (med. altitude)"
"1916",1916,0.467741936445236,"sorghum (med. altitude)"
"1917",1917,0,"sorghum (med. altitude)"
"1918",1918,0,"sorghum (med. altitude)"
"1919",1919,0,"sorghum (med. altitude)"
"1920",1920,0,"sorghum (med. altitude)"
"1921",1921,0,"sorghum (med. altitude)"
"1922",1922,0,"sorghum (med. altitude)"
"1923",1923,0,"sorghum (med. altitude)"
"1924",1924,0,"sorghum (med. altitude)"
"1925",1925,0,"sorghum (med. altitude)"
"1926",1926,0,"sorghum (med. altitude)"
"1927",1927,0,"sorghum (med. altitude)"
"1928",1928,0,"sorghum (med. altitude)"
"1929",1929,0,"sorghum (med. altitude)"
"1930",1930,0,"sorghum (med. altitude)"
"1931",1931,0,"sorghum (med. altitude)"
"1932",1932,0,"sorghum (med. altitude)"
"1933",1933,0,"sorghum (med. altitude)"
"1934",1934,0,"sorghum (med. altitude)"
"1935",1935,0,"sorghum (med. altitude)"
"1936",1936,0,"sorghum (med. altitude)"
"1937",1937,0.0967741906642914,"sorghum (med. altitude)"
"1938",1938,0.73199999332428,"sorghum (med. altitude)"
"1939",1939,0,"sorghum (med. altitude)"
"1940",1940,0,"sorghum (med. altitude)"
"1941",1941,0,"sorghum (med. altitude)"
"1942",1942,0,"sorghum (med. altitude)"
"1943",1943,0.0645161271095276,"sorghum (med. altitude)"
"1944",1944,0,"sorghum (med. altitude)"
"1945",1945,0,"sorghum (med. altitude)"
"1946",1946,0,"sorghum (med. altitude)"
"1947",1947,0,"sorghum (med. altitude)"
"1948",1948,0,"sorghum (med. altitude)"
"1949",1949,0,"sorghum (med. altitude)"
"1950",1950,0,"sorghum (med. altitude)"
"1951",1951,0,"sorghum (med. altitude)"
"1952",1952,0,"sorghum (med. altitude)"
"1953",1953,0,"sorghum (med. altitude)"
"1954",1954,0,"sorghum (med. altitude)"
"1955",1955,0,"sorghum (med. altitude)"
"1956",1956,0,"sorghum (med. altitude)"
"1957",1957,0,"sorghum (med. altitude)"
"1958",1958,0,"sorghum (med. altitude)"
"1959",1959,0,"sorghum (med. altitude)"
"1960",1960,0,"sorghum (med. altitude)"
"1961",1961,0.584500014781952,"sorghum (med. altitude)"
"1962",1962,0,"sorghum (med. altitude)"
"1963",1963,0.0161290317773819,"sorghum (med. altitude)"
"1964",1964,0.129032254219055,"sorghum (med. altitude)"
"1965",1965,0.354838699102402,"sorghum (med. altitude)"
"1966",1966,0,"sorghum (med. altitude)"
"1967",1967,0,"sorghum (med. altitude)"
"1968",1968,0,"sorghum (med. altitude)"
"1969",1969,0,"sorghum (med. altitude)"
"1970",1970,0,"sorghum (med. altitude)"
"1971",1971,0,"sorghum (med. altitude)"
"1972",1972,0,"sorghum (med. altitude)"
"1973",1973,0,"sorghum (med. altitude)"
"1974",1974,0,"sorghum (med. altitude)"
"1975",1975,0,"sorghum (med. altitude)"
"1976",1976,0,"sorghum (med. altitude)"
"1977",1977,0,"sorghum (med. altitude)"
"1978",1978,0,"sorghum (med. altitude)"
"1979",1979,0,"sorghum (med. altitude)"
"1980",1980,0,"sorghum (med. altitude)"
"1981",1981,0,"sorghum (med. altitude)"
"1982",1982,0,"sorghum (med. altitude)"
"1983",1983,0,"sorghum (med. altitude)"
"1984",1984,0.61260712146759,"sorghum (med. altitude)"
"1985",1985,0.512107193470001,"sorghum (med. altitude)"
"1986",1986,0,"sorghum (med. altitude)"
"1987",1987,0,"sorghum (med. altitude)"
"1988",1988,0,"sorghum (med. altitude)"
"1989",1989,0,"sorghum (med. altitude)"
"1990",1990,0.0483870953321457,"sorghum (med. altitude)"
"1991",1991,0.177419349551201,"sorghum (med. altitude)"
"1992",1992,0.0645161271095276,"sorghum (med. altitude)"
"1993",1993,0,"sorghum (med. altitude)"
"1994",1994,0,"sorghum (med. altitude)"
"1995",1995,0,"sorghum (med. altitude)"
"1996",1996,0,"sorghum (med. altitude)"
"1997",1997,0,"sorghum (med. altitude)"
"1998",1998,0,"sorghum (med. altitude)"
"1999",1999,0,"sorghum (med. altitude)"
"2000",2000,0,"sorghum (med. altitude)"
"2001",2001,0,"sorghum (med. altitude)"
"2002",2002,0,"sorghum (med. altitude)"
"2003",2003,0,"sorghum (med. altitude)"
"2004",2004,0,"sorghum (med. altitude)"
"2005",2005,0,"sorghum (med. altitude)"
"2006",2006,0,"sorghum (med. altitude)"
"2007",2007,0,"sorghum (med. altitude)"
"2008",2008,0,"sorghum (med. altitude)"
"2009",2009,0,"sorghum (med. altitude)"
"2010",2010,0.709677398204803,"sorghum (med. altitude)"
"2011",2011,0.806451618671417,"sorghum (med. altitude)"
"2012",2012,0.838709652423859,"sorghum (med. altitude)"
"2013",2013,0.867724895477295,"sorghum (med. altitude)"
"2014",2014,0.857142865657806,"sorghum (med. altitude)"
"2015",2015,0.806451618671417,"sorghum (med. altitude)"
"2016",2016,0.322580635547638,"sorghum (med. altitude)"
"2017",2017,0.559642851352692,"sorghum (med. altitude)"
"2018",2018,0.514678537845612,"sorghum (med. altitude)"
"2019",2019,0.322580635547638,"sorghum (med. altitude)"
"2020",2020,0,"sorghum (med. altitude)"
"2021",2021,0,"sorghum (med. altitude)"
"2022",2022,0,"sorghum (med. altitude)"
"2023",2023,0.25806450843811,"sorghum (med. altitude)"
"2024",2024,0.0645161271095276,"sorghum (med. altitude)"
"2025",2025,0,"sorghum (med. altitude)"
"2026",2026,0,"sorghum (med. altitude)"
"2027",2027,0,"sorghum (med. altitude)"
"2028",2028,0,"sorghum (med. altitude)"
"2029",2029,0,"sorghum (med. altitude)"
"2030",2030,0,"sorghum (med. altitude)"
"2031",2031,0,"sorghum (med. altitude)"
"2032",2032,0,"sorghum (med. altitude)"
"2033",2033,0,"sorghum (med. altitude)"
"2034",2034,0,"sorghum (med. altitude)"
"2035",2035,0,"sorghum (med. altitude)"
"2036",2036,0,"sorghum (med. altitude)"
"2037",2037,0,"sorghum (med. altitude)"
"2038",2038,0,"sorghum (med. altitude)"
"2039",2039,0,"sorghum (med. altitude)"
"2040",2040,0,"sorghum (med. altitude)"
"2041",2041,0.0645161271095276,"sorghum (med. altitude)"
"2042",2042,0.74193549156189,"sorghum (med. altitude)"
"2043",2043,0.513000011444092,"sorghum (med. altitude)"
"2044",2044,0.628250002861023,"sorghum (med. altitude)"
"2045",2045,0,"sorghum (med. altitude)"
"2046",2046,0,"sorghum (med. altitude)"
"2047",2047,0,"sorghum (med. altitude)"
"2048",2048,0.0483870953321457,"sorghum (med. altitude)"
"2049",2049,0.112903222441673,"sorghum (med. altitude)"
"2050",2050,0.0806451588869095,"sorghum (med. altitude)"
"2051",2051,0,"sorghum (med. altitude)"
"2052",2052,0,"sorghum (med. altitude)"
"2053",2053,0,"sorghum (med. altitude)"
"2054",2054,0,"sorghum (med. altitude)"
"2055",2055,0,"sorghum (med. altitude)"
"2056",2056,0,"sorghum (med. altitude)"
"2057",2057,0,"sorghum (med. altitude)"
"2058",2058,0,"sorghum (med. altitude)"
"2059",2059,0,"sorghum (med. altitude)"
"2060",2060,0,"sorghum (med. altitude)"
"2061",2061,0,"sorghum (med. altitude)"
"2062",2062,0,"sorghum (med. altitude)"
"2063",2063,0.0967741906642914,"sorghum (med. altitude)"
"2064",2064,0.677419364452362,"sorghum (med. altitude)"
"2065",2065,0.6403928399086,"sorghum (med. altitude)"
"2066",2066,0,"sorghum (med. altitude)"
"2067",2067,0.0322580635547638,"sorghum (med. altitude)"
"2068",2068,0.0806451588869095,"sorghum (med. altitude)"
"2069",2069,0.145161285996437,"sorghum (med. altitude)"
"2070",2070,0.129032254219055,"sorghum (med. altitude)"
"2071",2071,0.0161290317773819,"sorghum (med. altitude)"
"2072",2072,0,"sorghum (med. altitude)"
"2073",2073,0,"sorghum (med. altitude)"
"2074",2074,0,"sorghum (med. altitude)"
"2075",2075,0,"sorghum (med. altitude)"
"2076",2076,0,"sorghum (med. altitude)"
"2077",2077,0,"sorghum (med. altitude)"
"2078",2078,0,"sorghum (med. altitude)"
"2079",2079,0,"sorghum (med. altitude)"
"2080",2080,0,"sorghum (med. altitude)"
"2081",2081,0,"sorghum (med. altitude)"
"2082",2082,0,"sorghum (med. altitude)"
"2083",2083,0,"sorghum (med. altitude)"
"2084",2084,0.161290317773819,"sorghum (med. altitude)"
"2085",2085,0.161290317773819,"sorghum (med. altitude)"
"2086",2086,0.419354826211929,"sorghum (med. altitude)"
"2087",2087,0.548387110233307,"sorghum (med. altitude)"
"2088",2088,0.596774220466614,"sorghum (med. altitude)"
"2089",2089,0.516129016876221,"sorghum (med. altitude)"
"2090",2090,0.145161285996437,"sorghum (med. altitude)"
"2091",2091,0.145161285996437,"sorghum (med. altitude)"
"2092",2092,0.145161285996437,"sorghum (med. altitude)"
"2093",2093,0.0483870953321457,"sorghum (med. altitude)"
"2094",2094,0,"sorghum (med. altitude)"
"2095",2095,0,"sorghum (med. altitude)"
"2096",2096,0,"sorghum (med. altitude)"
"2097",2097,0,"sorghum (med. altitude)"
"2098",2098,0,"sorghum (med. altitude)"
"2099",2099,0,"sorghum (med. altitude)"
"2100",2100,0,"sorghum (med. altitude)"
"2101",2101,0,"sorghum (med. altitude)"
"2102",2102,0,"sorghum (med. altitude)"
"2103",2103,0,"sorghum (med. altitude)"
"2104",2104,0,"sorghum (med. altitude)"
"2105",2105,0.193548381328583,"sorghum (med. altitude)"
"2106",2106,0.25806450843811,"sorghum (med. altitude)"
"2107",2107,0.387096762657166,"sorghum (med. altitude)"
"2108",2108,0.687830686569214,"sorghum (med. altitude)"
"2109",2109,0.177419349551201,"sorghum (med. altitude)"
"2110",2110,0.145161285996437,"sorghum (med. altitude)"
"2111",2111,0.0645161271095276,"sorghum (med. altitude)"
"2112",2112,0,"sorghum (med. altitude)"
"2113",2113,0,"sorghum (med. altitude)"
"2114",2114,0,"sorghum (med. altitude)"
"2115",2115,0,"sorghum (med. altitude)"
"2116",2116,0,"sorghum (med. altitude)"
"2117",2117,0,"sorghum (med. altitude)"
"2118",2118,0,"sorghum (med. altitude)"
"2119",2119,0,"sorghum (med. altitude)"
"2120",2120,0,"sorghum (med. altitude)"
"2121",2121,0,"sorghum (med. altitude)"
"2122",2122,0,"sorghum (med. altitude)"
"2123",2123,0.693121671676636,"sorghum (med. altitude)"
"2124",2124,0.724867701530457,"sorghum (med. altitude)"
"2125",2125,0,"sorghum (med. altitude)"
"2126",2126,0,"sorghum (med. altitude)"
"2127",2127,0,"sorghum (med. altitude)"
"2128",2128,0,"sorghum (med. altitude)"
"2129",2129,0,"sorghum (med. altitude)"
"2130",2130,0,"sorghum (med. altitude)"
"2131",2131,0,"sorghum (med. altitude)"
"2132",2132,0,"sorghum (med. altitude)"
"2133",2133,0,"sorghum (med. altitude)"
"2134",2134,0,"sorghum (med. altitude)"
"2135",2135,0.322580635547638,"sorghum (med. altitude)"
"2136",2136,0.322580635547638,"sorghum (med. altitude)"
"2137",2137,0.566137552261353,"sorghum (med. altitude)"
"2138",2138,0.563492059707642,"sorghum (med. altitude)"
"2139",2139,0,"sorghum (med. altitude)"
"2140",2140,0,"sorghum (med. altitude)"
"2141",2141,0,"sorghum (med. altitude)"
"2142",2142,0,"sorghum (med. altitude)"
"2143",2143,0,"sorghum (med. altitude)"
"2144",2144,0,"sorghum (med. altitude)"
"2145",2145,0,"sorghum (med. altitude)"
"2146",2146,0,"sorghum (med. altitude)"
"2147",2147,0.354838699102402,"sorghum (med. altitude)"
"2148",2148,0.580645143985748,"sorghum (med. altitude)"
"2149",2149,0.513227522373199,"sorghum (med. altitude)"
"2150",2150,0.52910053730011,"sorghum (med. altitude)"
"2151",2151,0.677419364452362,"sorghum (med. altitude)"
"2152",2152,0,"sorghum (med. altitude)"
"2153",2153,0,"sorghum (med. altitude)"
"2154",2154,0,"sorghum (med. altitude)"
"2155",2155,0,"sorghum (med. altitude)"
"2156",2156,0,"sorghum (med. altitude)"
"2157",2157,0,"sorghum (med. altitude)"
"2158",2158,0,"sorghum (med. altitude)"
"2159",2159,0,"sorghum (med. altitude)"
"2160",2160,0.677419364452362,"sorghum (med. altitude)"
"2161",2161,0.516129016876221,"sorghum (med. altitude)"
"2162",2162,0.510582029819489,"sorghum (med. altitude)"
"2163",2163,0,"sorghum (med. altitude)"
"2164",2164,0,"sorghum (med. altitude)"
"2165",2165,0,"sorghum (med. altitude)"
"2166",2166,0,"sorghum (med. altitude)"
"2167",2167,0,"sorghum (med. altitude)"
"2168",2168,0,"sorghum (med. altitude)"
"2169",2169,0,"sorghum (med. altitude)"
"2170",2170,0.444444447755814,"sorghum (med. altitude)"
"2171",2171,0.532258093357086,"sorghum (med. altitude)"
"2172",2172,0.354838699102402,"sorghum (med. altitude)"
"2173",2173,0.0645161271095276,"sorghum (med. altitude)"
"2174",2174,0,"sorghum (med. altitude)"
"2175",2175,0,"sorghum (med. altitude)"
"2176",2176,0,"sorghum (med. altitude)"
"2177",2177,0,"sorghum (med. altitude)"
"2178",2178,0,"sorghum (med. altitude)"
"2179",2179,0.516129016876221,"sorghum (med. altitude)"
"2180",2180,0,"sorghum (med. altitude)"
"2181",2181,0,"sorghum (med. altitude)"
"2182",2182,0,"sorghum (med. altitude)"
"2183",2183,0,"sorghum (med. altitude)"
"2184",2184,0,"sorghum (med. altitude)"
"2185",2185,0,"sorghum (med. altitude)"
"2186",2186,0,"sorghum (med. altitude)"
"2187",2187,0,"sorghum (med. altitude)"
"2188",2188,0.25806450843811,"sorghum (med. altitude)"
"2189",2189,0.225806444883347,"sorghum (med. altitude)"
"2190",2190,0.129032254219055,"sorghum (med. altitude)"
"2191",2191,0.225806444883347,"sorghum (med. altitude)"
"2192",2192,0,"sorghum (med. altitude)"
"2193",2193,0,"sorghum (med. altitude)"
"2194",2194,0,"sorghum (med. altitude)"
"2195",2195,0,"sorghum (med. altitude)"
"2196",2196,0,"sorghum (med. altitude)"
"2197",2197,0,"sorghum (med. altitude)"
"2198",2198,0,"sorghum (med. altitude)"
"2199",2199,0.516129016876221,"sorghum (med. altitude)"
"2200",2200,0.387096762657166,"sorghum (med. altitude)"
"2201",2201,0,"sorghum (med. altitude)"
"2202",2202,0.322580635547638,"sorghum (med. altitude)"
"2203",2203,0,"sorghum (med. altitude)"
"2204",2204,0.0322580635547638,"sorghum (med. altitude)"
"2205",2205,0.0967741906642914,"sorghum (med. altitude)"
"2206",2206,0.691142916679382,"sorghum (med. altitude)"
"2207",2207,0.709677398204803,"sorghum (med. altitude)"
"2208",2208,0.580645143985748,"sorghum (med. altitude)"
"2209",2209,0,"sorghum (med. altitude)"
"2210",2210,0.817460298538208,"sorghum (med. altitude)"
"2211",2211,0.675785720348358,"sorghum (med. altitude)"
"2212",2212,0.795357167720795,"sorghum (med. altitude)"
"2213",2213,0.451612889766693,"sorghum (med. altitude)"
"2214",2214,0.0322580635547638,"sorghum (med. altitude)"
"2215",2215,0.0967741906642914,"sorghum (med. altitude)"
"2216",2216,0.129032254219055,"sorghum (med. altitude)"
"2217",2217,0.387096762657166,"sorghum (med. altitude)"
"2218",2218,0.161290317773819,"sorghum (med. altitude)"
"2219",2219,0.483870953321457,"sorghum (med. altitude)"
"2220",2220,0.516129016876221,"sorghum (med. altitude)"
"2221",2221,0.596774220466614,"sorghum (med. altitude)"
"2222",2222,0.290322571992874,"sorghum (med. altitude)"
"2223",2223,0.548387110233307,"sorghum (med. altitude)"
"2224",2224,0.548387110233307,"sorghum (med. altitude)"
"2225",2225,0.580645143985748,"sorghum (med. altitude)"
"2226",2226,0.548387110233307,"sorghum (med. altitude)"
"2227",2227,0.483870953321457,"sorghum (med. altitude)"
"2228",2228,0.838709652423859,"sorghum (med. altitude)"
"2229",2229,0.738095223903656,"sorghum (med. altitude)"
"2230",2230,0.666666686534882,"sorghum (med. altitude)"
"2231",2231,0.225806444883347,"sorghum (med. altitude)"
"2232",2232,0,"sorghum (med. altitude)"
"2233",2233,0,"sorghum (med. altitude)"
"2234",2234,0,"sorghum (med. altitude)"
"2235",2235,0.548387110233307,"sorghum (med. altitude)"
"2236",2236,0.451612889766693,"sorghum (med. altitude)"
"2237",2237,0.516129016876221,"sorghum (med. altitude)"
"2238",2238,0.846560835838318,"sorghum (med. altitude)"
"2239",2239,0.0967741906642914,"sorghum (med. altitude)"
"2240",2240,0.0645161271095276,"sorghum (med. altitude)"
"2241",2241,0.177419349551201,"sorghum (med. altitude)"
"2242",2242,0.0967741906642914,"sorghum (med. altitude)"
"2243",2243,0.580645143985748,"sorghum (med. altitude)"
"2244",2244,0.580645143985748,"sorghum (med. altitude)"
"2245",2245,0.0322580635547638,"sorghum (med. altitude)"
"2246",2246,0.677419364452362,"sorghum (med. altitude)"
"2247",2247,0.516129016876221,"sorghum (med. altitude)"
"2248",2248,0.0645161271095276,"sorghum (med. altitude)"
"2249",2249,0,"sorghum (med. altitude)"
"2250",2250,0,"sorghum (med. altitude)"
"2251",2251,0.451612889766693,"sorghum (med. altitude)"
"2252",2252,0.403225809335709,"sorghum (med. altitude)"
"2253",2253,0.580645143985748,"sorghum (med. altitude)"
"2254",2254,0,"sorghum (med. altitude)"
"2255",2255,0,"sorghum (med. altitude)"
"2256",2256,0.0645161271095276,"sorghum (med. altitude)"
"2257",2257,0.354838699102402,"sorghum (med. altitude)"
"2258",2258,0.193548381328583,"sorghum (med. altitude)"
"2259",2259,0,"sorghum (med. altitude)"
"2260",2260,0,"sorghum (med. altitude)"
"2261",2261,0.0322580635547638,"sorghum (med. altitude)"
"2262",2262,0.532258093357086,"sorghum (med. altitude)"
"2263",2263,0.806451618671417,"sorghum (med. altitude)"
"2264",2264,0,"sorghum (med. altitude)"
"2265",2265,0.0967741906642914,"sorghum (med. altitude)"
"2266",2266,0,"sorghum (med. altitude)"
"2267",2267,0,"sorghum (med. altitude)"
"2268",2268,0,"sorghum (med. altitude)"
"2269",2269,0,"sorghum (med. altitude)"
"2270",2270,0.725806474685669,"sorghum (med. altitude)"
"2271",2271,0,"sorghum (med. altitude)"
"2272",2272,0,"sorghum (med. altitude)"
"2273",2273,0,"sorghum (med. altitude)"
"2274",2274,0,"sorghum (med. altitude)"
"2275",2275,0.0322580635547638,"sorghum (med. altitude)"
"2276",2276,0.161290317773819,"sorghum (med. altitude)"
"2277",2277,0.322580635547638,"sorghum (med. altitude)"
"2278",2278,0.387096762657166,"sorghum (med. altitude)"
"2279",2279,0.532258093357086,"sorghum (med. altitude)"
"2280",2280,0.629032254219055,"sorghum (med. altitude)"
"2281",2281,0.838709652423859,"sorghum (med. altitude)"
"2282",2282,0.780423283576965,"sorghum (med. altitude)"
"2283",2283,0.0967741906642914,"sorghum (med. altitude)"
"2284",2284,0,"sorghum (med. altitude)"
"2285",2285,0.0645161271095276,"sorghum (med. altitude)"
"2286",2286,0.161290317773819,"sorghum (med. altitude)"
"2287",2287,0.338709682226181,"sorghum (med. altitude)"
"2288",2288,0.25806450843811,"sorghum (med. altitude)"
"2289",2289,0.403225809335709,"sorghum (med. altitude)"
"2290",2290,0.596774220466614,"sorghum (med. altitude)"
"2291",2291,0.774193525314331,"sorghum (med. altitude)"
"2292",2292,0.887096762657166,"sorghum (med. altitude)"
"2293",2293,0.967741906642914,"sorghum (med. altitude)"
"2294",2294,0.825396835803986,"sorghum (med. altitude)"
"2295",2295,0.209677413105965,"sorghum (med. altitude)"
"2296",2296,0.145161285996437,"sorghum (med. altitude)"
"2297",2297,0,"sorghum (med. altitude)"
"2298",2298,0.193548381328583,"sorghum (med. altitude)"
"2299",2299,0.274193555116653,"sorghum (med. altitude)"
"2300",2300,0.25806450843811,"sorghum (med. altitude)"
"2301",2301,0.483870953321457,"sorghum (med. altitude)"
"2302",2302,0.774193525314331,"sorghum (med. altitude)"
"2303",2303,0.870967745780945,"sorghum (med. altitude)"
"2304",2304,0.974535644054413,"sorghum (med. altitude)"
"2305",2305,0.903225779533386,"sorghum (med. altitude)"
"2306",2306,0.843915343284607,"sorghum (med. altitude)"
"2307",2307,0.209677413105965,"sorghum (med. altitude)"
"2308",2308,0.129032254219055,"sorghum (med. altitude)"
"2309",2309,0.25806450843811,"sorghum (med. altitude)"
"2310",2310,0.387096762657166,"sorghum (med. altitude)"
"2311",2311,0.580645143985748,"sorghum (med. altitude)"
"2312",2312,0.935483872890472,"sorghum (med. altitude)"
"2313",2313,0.838709652423859,"sorghum (med. altitude)"
"2314",2314,0.193548381328583,"sorghum (med. altitude)"
"2315",2315,0,"sorghum (med. altitude)"
"2316",2316,0.0322580635547638,"sorghum (med. altitude)"
"2317",2317,0.241935476660728,"sorghum (med. altitude)"
"2318",2318,0.209677413105965,"sorghum (med. altitude)"
"2319",2319,0.419354826211929,"sorghum (med. altitude)"
"2320",2320,0.677419364452362,"sorghum (med. altitude)"
"2321",2321,0.903225779533386,"sorghum (med. altitude)"
"2322",2322,0.225806444883347,"sorghum (med. altitude)"
"2323",2323,0.161290317773819,"sorghum (med. altitude)"
"2324",2324,0.209677413105965,"sorghum (med. altitude)"
"2325",2325,0.306451618671417,"sorghum (med. altitude)"
"2326",2326,0.516129016876221,"sorghum (med. altitude)"
"2327",2327,0.838709652423859,"sorghum (med. altitude)"
"2328",2328,0.870967745780945,"sorghum (med. altitude)"
"2329",2329,0.764550268650055,"sorghum (med. altitude)"
"2330",2330,0,"sorghum (med. altitude)"
"2331",2331,0.225806444883347,"sorghum (med. altitude)"
"2332",2332,0.25806450843811,"sorghum (med. altitude)"
"2333",2333,0.580645143985748,"sorghum (med. altitude)"
"2334",2334,0.838709652423859,"sorghum (med. altitude)"
"2335",2335,0.887096762657166,"sorghum (med. altitude)"
"2336",2336,0.870967745780945,"sorghum (med. altitude)"
"2337",2337,0.761904776096344,"sorghum (med. altitude)"
"2338",2338,0.225806444883347,"sorghum (med. altitude)"
"2339",2339,0.322580635547638,"sorghum (med. altitude)"
"2340",2340,0.612903237342834,"sorghum (med. altitude)"
"2341",2341,0.890142858028412,"sorghum (med. altitude)"
"2342",2342,0.894179880619049,"sorghum (med. altitude)"
"2343",2343,0.806451618671417,"sorghum (med. altitude)"
"2344",2344,0.387096762657166,"sorghum (med. altitude)"
"2345",2345,0.580645143985748,"sorghum (med. altitude)"
"2346",2346,0.911357223987579,"sorghum (med. altitude)"
"2347",2347,0.806451618671417,"sorghum (med. altitude)"
"2348",2348,0.838709652423859,"sorghum (med. altitude)"
"2349",2349,0.709677398204803,"sorghum (med. altitude)"
"2350",2350,0.0322580635547638,"sorghum (med. altitude)"
"2351",2351,0,"sorghum (med. altitude)"
"2352",2352,0.806451618671417,"sorghum (med. altitude)"
"2353",2353,0.903225779533386,"sorghum (med. altitude)"
"2354",2354,0.870967745780945,"sorghum (med. altitude)"
"2355",2355,0.709677398204803,"sorghum (med. altitude)"
"2356",2356,0.354838699102402,"sorghum (med. altitude)"
"2357",2357,0.891534388065338,"sorghum (med. altitude)"
"2358",2358,0.828042328357697,"sorghum (med. altitude)"
"2359",2359,0.774193525314331,"sorghum (med. altitude)"
"2360",2360,0.935483872890472,"sorghum (med. altitude)"
"2361",2361,0.806451618671417,"sorghum (med. altitude)"
"2362",2362,0.870967745780945,"sorghum (med. altitude)"
"2363",2363,0.817460298538208,"sorghum (med. altitude)"
"2364",2364,0.743386268615723,"sorghum (med. altitude)"
"2365",2365,0.774193525314331,"sorghum (med. altitude)"
"2366",2366,0.579365074634552,"sorghum (med. altitude)"
"2367",2367,0.859788358211517,"sorghum (med. altitude)"
